NS 600
ROOT 0103
UHF 1,-9,-2,1
LHF -5,7,-6,7
PHF -3,4,-5,-1
ROOT 0105
UHF 1,-9,-2,1
LHF -5,7,-6,7
PHF -3,4,-5,-1
ROOT 0109
UHF 1,-9,-2,1
LHF -5,7,-6,7
PHF -3,4,-5,-1
ROOT 0123
UHF 1,-9,-2,1
LHF -5,7,-6,7
PHF -3,4,-5,-1
ROOT 0125
UHF 1,-9,-2,1
LHF -5,7,-6,7
PHF -3,4,-5,-1
ROOT 0127
UHF 1,-9,-2,1
LHF -5,7,-6,7
PHF -3,4,-5,-1
ROOT 0165
UHF 1,-9,-2,1
LHF -5,7,-6,7
PHF -3,4,-5,-1
ROOT 0167
UHF 1,-9,-2,1
LHF -5,7,-6,7
PHF -3,4,-5,-1
ROOT 0169
UHF 1,-9,-2,1
LHF -5,7,-6,7
PHF -3,4,-5,-1
ROOT 0183
UHF 1,-9,-2,1
LHF -5,7,-6,7
PHF -3,4,-5,-1
ROOT 0187
UHF 1,-9,-2,1
LHF -5,7,-6,7
PHF -3,4,-5,-1
ROOT 0189
UHF 1,-9,-2,1
LHF -5,7,-6,7
PHF -3,4,-5,-1
ROOT 0221
UHF 1,-9,-2,1
LHF -5,7,-6,7
PHF -3,4,-5,-1
ROOT 0223
UHF 1,-9,-2,1
LHF -5,7,-6,7
PHF -3,4,-5,-1
ROOT 0225
UHF 1,-9,-2,1
LHF -5,7,-6,7
PHF -3,4,-5,-1
ROOT 0243
UHF 1,-9,-2,1
LHF -5,7,-6,7
PHF -3,4,-5,-1
ROOT 0245
UHF 1,-9,-2,1
LHF -5,7,-6,7
PHF -3,4,-5,-1
ROOT 0249
UHF 1,-9,-2,1
LHF -5,7,-6,7
PHF -3,4,-5,-1
ROOT 0261
UHF 1,-9,-2,1
LHF -5,7,-6,7
PHF -3,4,-5,-1
ROOT 0265
UHF 1,-9,-2,1
LHF -5,7,-6,7
PHF -3,4,-5,-1
ROOT 0269
UHF 1,-9,-2,1
LHF -5,7,-6,7
PHF -3,4,-5,-1
ROOT 0281
UHF 1,-9,-2,1
LHF -5,7,-6,7
PHF -3,4,-5,-1
ROOT 0283
UHF 1,-9,-2,1
LHF -5,7,-6,7
PHF -3,4,-5,-1
ROOT 0289
UHF 1,-9,-2,1
LHF -5,7,-6,7
PHF -3,4,-5,-1
ROOT 0301
UHF 1,-9,-2,1
LHF -5,7,-6,7
PHF -3,4,-5,-1
ROOT 0305
UHF 1,-9,-2,1
LHF -5,7,-6,7
PHF -3,4,-5,-1
ROOT 0309
UHF 1,-9,-2,1
LHF -5,7,-6,7
PHF -3,4,-5,-1
ROOT 0321
UHF 1,-9,-2,1
LHF -5,7,-6,7
PHF -3,4,-5,-1
ROOT 0325
UHF 1,-9,-2,1
LHF -5,7,-6,7
PHF -3,4,-5,-1
ROOT 0327
UHF 1,-9,-2,1
LHF -5,7,-6,7
PHF -3,4,-5,-1
ROOT 0345
UHF 1,-9,-2,1
LHF -5,7,-6,7
PHF -3,4,-5,-1
ROOT 0347
UHF 1,-9,-2,1
LHF -5,7,-6,7
PHF -3,4,-5,-1
ROOT 0349
UHF 1,-9,-2,1
LHF -5,7,-6,7
PHF -3,4,-5,-1
ROOT 0381
UHF 1,-9,-2,1
LHF -5,7,-6,7
PHF -3,4,-5,-1
ROOT 0387
UHF 1,-9,-2,1
LHF -5,7,-6,7
PHF -3,4,-5,-1
ROOT 0389
UHF 1,-9,-2,1
LHF -5,7,-6,7
PHF -3,4,-5,-1
ROOT 0401
UHF 1,-9,-2,1
LHF -5,7,-6,7
PHF -3,4,-5,-1
ROOT 0403
UHF 1,-9,-2,1
LHF -5,7,-6,7
PHF -3,4,-5,-1
ROOT 0405
UHF 1,-9,-2,1
LHF -5,7,-6,7
PHF -3,4,-5,-1
ROOT 0443
UHF 1,-9,-2,1
LHF -5,7,-6,7
PHF -3,4,-5,-1
ROOT 0445
UHF 1,-9,-2,1
LHF -5,7,-6,7
PHF -3,4,-5,-1
ROOT 0447
UHF 1,-9,-2,1
LHF -5,7,-6,7
PHF -3,4,-5,-1
ROOT 0461
UHF 1,-9,-2,1
LHF -5,7,-6,7
PHF -3,4,-5,-1
ROOT 0465
UHF 1,-9,-2,1
LHF -5,7,-6,7
PHF -3,4,-5,-1
ROOT 0467
UHF 1,-9,-2,1
LHF -5,7,-6,7
PHF -3,4,-5,-1
ROOT 0481
UHF 1,-9,-2,1
LHF -5,7,-6,7
PHF -3,4,-5,-1
ROOT 0483
UHF 1,-9,-2,1
LHF -5,7,-6,7
PHF -3,4,-5,-1
ROOT 0487
UHF 1,-9,-2,1
LHF -5,7,-6,7
PHF -3,4,-5,-1
ROOT 0501
UHF 1,-9,-2,1
LHF -5,7,-6,7
PHF -3,4,-5,-1
ROOT 0503
UHF 1,-9,-2,1
LHF -5,7,-6,7
PHF -3,4,-5,-1
ROOT 0509
UHF 1,-9,-2,1
LHF -5,7,-6,7
PHF -3,4,-5,-1
ROOT 0521
UHF 1,-9,-2,1
LHF -5,7,-6,7
PHF -3,4,-5,-1
ROOT 0523
UHF 1,-9,-2,1
LHF -5,7,-6,7
PHF -3,4,-5,-1
ROOT 0527
UHF 1,-9,-2,1
LHF -5,7,-6,7
PHF -3,4,-5,-1
ROOT 0543
UHF 1,-9,-2,1
LHF -5,7,-6,7
PHF -3,4,-5,-1
ROOT 0547
UHF 1,-9,-2,1
LHF -5,7,-6,7
PHF -3,4,-5,-1
ROOT 0549
UHF 1,-9,-2,1
LHF -5,7,-6,7
PHF -3,4,-5,-1
ROOT 0561
UHF 1,-9,-2,1
LHF -5,7,-6,7
PHF -3,4,-5,-1
ROOT 0567
UHF 1,-9,-2,1
LHF -5,7,-6,7
PHF -3,4,-5,-1
ROOT 0569
UHF 1,-9,-2,1
LHF -5,7,-6,7
PHF -3,4,-5,-1
ROOT 1210
UHF 1,-9,-2,1
LHF -5,7,-6,7
PHF -3,4,-5,-1
ROOT 1214
UHF 1,-9,-2,1
LHF -5,7,-6,7
PHF -3,4,-5,-1
ROOT 1216
UHF 1,-9,-2,1
LHF -5,7,-6,7
PHF -3,4,-5,-1
ROOT 1234
UHF 1,-9,-2,1
LHF -5,7,-6,7
PHF -3,4,-5,-1
ROOT 1236
UHF 1,-9,-2,1
LHF -5,7,-6,7
PHF -3,4,-5,-1
ROOT 1238
UHF 1,-9,-2,1
LHF -5,7,-6,7
PHF -3,4,-5,-1
ROOT 1270
UHF 1,-9,-2,1
LHF -5,7,-6,7
PHF -3,4,-5,-1
ROOT 1276
UHF 1,-9,-2,1
LHF -5,7,-6,7
PHF -3,4,-5,-1
ROOT 1278
UHF 1,-9,-2,1
LHF -5,7,-6,7
PHF -3,4,-5,-1
ROOT 1290
UHF 1,-9,-2,1
LHF -5,7,-6,7
PHF -3,4,-5,-1
ROOT 1294
UHF 1,-9,-2,1
LHF -5,7,-6,7
PHF -3,4,-5,-1
ROOT 1298
UHF 1,-9,-2,1
LHF -5,7,-6,7
PHF -3,4,-5,-1
ROOT 1332
UHF 1,-9,-2,1
LHF -5,7,-6,7
PHF -3,4,-5,-1
ROOT 1334
UHF 1,-9,-2,1
LHF -5,7,-6,7
PHF -3,4,-5,-1
ROOT 1336
UHF 1,-9,-2,1
LHF -5,7,-6,7
PHF -3,4,-5,-1
ROOT 1350
UHF 1,-9,-2,1
LHF -5,7,-6,7
PHF -3,4,-5,-1
ROOT 1354
UHF 1,-9,-2,1
LHF -5,7,-6,7
PHF -3,4,-5,-1
ROOT 1356
UHF 1,-9,-2,1
LHF -5,7,-6,7
PHF -3,4,-5,-1
ROOT 1370
UHF 1,-9,-2,1
LHF -5,7,-6,7
PHF -3,4,-5,-1
ROOT 1372
UHF 1,-9,-2,1
LHF -5,7,-6,7
PHF -3,4,-5,-1
ROOT 1376
UHF 1,-9,-2,1
LHF -5,7,-6,7
PHF -3,4,-5,-1
ROOT 1390
UHF 1,-9,-2,1
LHF -5,7,-6,7
PHF -3,4,-5,-1
ROOT 1392
UHF 1,-9,-2,1
LHF -5,7,-6,7
PHF -3,4,-5,-1
ROOT 1394
UHF 1,-9,-2,1
LHF -5,7,-6,7
PHF -3,4,-5,-1
ROOT 1410
UHF 1,-9,-2,1
LHF -5,7,-6,7
PHF -3,4,-5,-1
ROOT 1412
UHF 1,-9,-2,1
LHF -5,7,-6,7
PHF -3,4,-5,-1
ROOT 1416
UHF 1,-9,-2,1
LHF -5,7,-6,7
PHF -3,4,-5,-1
ROOT 1432
UHF 1,-9,-2,1
LHF -5,7,-6,7
PHF -3,4,-5,-1
ROOT 1436
UHF 1,-9,-2,1
LHF -5,7,-6,7
PHF -3,4,-5,-1
ROOT 1438
UHF 1,-9,-2,1
LHF -5,7,-6,7
PHF -3,4,-5,-1
ROOT 1450
UHF 1,-9,-2,1
LHF -5,7,-6,7
PHF -3,4,-5,-1
ROOT 1456
UHF 1,-9,-2,1
LHF -5,7,-6,7
PHF -3,4,-5,-1
ROOT 1458
UHF 1,-9,-2,1
LHF -5,7,-6,7
PHF -3,4,-5,-1
ROOT 1490
UHF 1,-9,-2,1
LHF -5,7,-6,7
PHF -3,4,-5,-1
ROOT 1492
UHF 1,-9,-2,1
LHF -5,7,-6,7
PHF -3,4,-5,-1
ROOT 1498
UHF 1,-9,-2,1
LHF -5,7,-6,7
PHF -3,4,-5,-1
ROOT 1512
UHF 1,-9,-2,1
LHF -5,7,-6,7
PHF -3,4,-5,-1
ROOT 1514
UHF 1,-9,-2,1
LHF -5,7,-6,7
PHF -3,4,-5,-1
ROOT 1516
UHF 1,-9,-2,1
LHF -5,7,-6,7
PHF -3,4,-5,-1
ROOT 1554
UHF 1,-9,-2,1
LHF -5,7,-6,7
PHF -3,4,-5,-1
ROOT 1556
UHF 1,-9,-2,1
LHF -5,7,-6,7
PHF -3,4,-5,-1
ROOT 1558
UHF 1,-9,-2,1
LHF -5,7,-6,7
PHF -3,4,-5,-1
ROOT 1572
UHF 1,-9,-2,1
LHF -5,7,-6,7
PHF -3,4,-5,-1
ROOT 1576
UHF 1,-9,-2,1
LHF -5,7,-6,7
PHF -3,4,-5,-1
ROOT 1578
UHF 1,-9,-2,1
LHF -5,7,-6,7
PHF -3,4,-5,-1
ROOT 1592
UHF 1,-9,-2,1
LHF -5,7,-6,7
PHF -3,4,-5,-1
ROOT 1594
UHF 1,-9,-2,1
LHF -5,7,-6,7
PHF -3,4,-5,-1
ROOT 1598
UHF 1,-9,-2,1
LHF -5,7,-6,7
PHF -3,4,-5,-1
ROOT 1610
UHF 1,-9,-2,1
LHF -5,7,-6,7
PHF -3,4,-5,-1
ROOT 1612
UHF 1,-9,-2,1
LHF -5,7,-6,7
PHF -3,4,-5,-1
ROOT 1614
UHF 1,-9,-2,1
LHF -5,7,-6,7
PHF -3,4,-5,-1
ROOT 1632
UHF 1,-9,-2,1
LHF -5,7,-6,7
PHF -3,4,-5,-1
ROOT 1634
UHF 1,-9,-2,1
LHF -5,7,-6,7
PHF -3,4,-5,-1
ROOT 1638
UHF 1,-9,-2,1
LHF -5,7,-6,7
PHF -3,4,-5,-1
ROOT 1650
UHF 1,-9,-2,1
LHF -5,7,-6,7
PHF -3,4,-5,-1
ROOT 1654
UHF 1,-9,-2,1
LHF -5,7,-6,7
PHF -3,4,-5,-1
ROOT 1658
UHF 1,-9,-2,1
LHF -5,7,-6,7
PHF -3,4,-5,-1
ROOT 1670
UHF 1,-9,-2,1
LHF -5,7,-6,7
PHF -3,4,-5,-1
ROOT 1672
UHF 1,-9,-2,1
LHF -5,7,-6,7
PHF -3,4,-5,-1
ROOT 1678
UHF 1,-9,-2,1
LHF -5,7,-6,7
PHF -3,4,-5,-1
ROOT 2301
UHF 1,-9,-2,1
LHF -5,7,-6,7
PHF -3,4,-5,-1
ROOT 2305
UHF 1,-9,-2,1
LHF -5,7,-6,7
PHF -3,4,-5,-1
ROOT 2309
UHF 1,-9,-2,1
LHF -5,7,-6,7
PHF -3,4,-5,-1
ROOT 2321
UHF 1,-9,-2,1
LHF -5,7,-6,7
PHF -3,4,-5,-1
ROOT 2325
UHF 1,-9,-2,1
LHF -5,7,-6,7
PHF -3,4,-5,-1
ROOT 2327
UHF 1,-9,-2,1
LHF -5,7,-6,7
PHF -3,4,-5,-1
ROOT 2345
UHF 1,-9,-2,1
LHF -5,7,-6,7
PHF -3,4,-5,-1
ROOT 2347
UHF 1,-9,-2,1
LHF -5,7,-6,7
PHF -3,4,-5,-1
ROOT 2349
UHF 1,-9,-2,1
LHF -5,7,-6,7
PHF -3,4,-5,-1
ROOT 2381
UHF 1,-9,-2,1
LHF -5,7,-6,7
PHF -3,4,-5,-1
ROOT 2387
UHF 1,-9,-2,1
LHF -5,7,-6,7
PHF -3,4,-5,-1
ROOT 2389
UHF 1,-9,-2,1
LHF -5,7,-6,7
PHF -3,4,-5,-1
ROOT 2401
UHF 1,-9,-2,1
LHF -5,7,-6,7
PHF -3,4,-5,-1
ROOT 2403
UHF 1,-9,-2,1
LHF -5,7,-6,7
PHF -3,4,-5,-1
ROOT 2405
UHF 1,-9,-2,1
LHF -5,7,-6,7
PHF -3,4,-5,-1
ROOT 2443
UHF 1,-9,-2,1
LHF -5,7,-6,7
PHF -3,4,-5,-1
ROOT 2445
UHF 1,-9,-2,1
LHF -5,7,-6,7
PHF -3,4,-5,-1
ROOT 2447
UHF 1,-9,-2,1
LHF -5,7,-6,7
PHF -3,4,-5,-1
ROOT 2461
UHF 1,-9,-2,1
LHF -5,7,-6,7
PHF -3,4,-5,-1
ROOT 2465
UHF 1,-9,-2,1
LHF -5,7,-6,7
PHF -3,4,-5,-1
ROOT 2467
UHF 1,-9,-2,1
LHF -5,7,-6,7
PHF -3,4,-5,-1
ROOT 2481
UHF 1,-9,-2,1
LHF -5,7,-6,7
PHF -3,4,-5,-1
ROOT 2483
UHF 1,-9,-2,1
LHF -5,7,-6,7
PHF -3,4,-5,-1
ROOT 2487
UHF 1,-9,-2,1
LHF -5,7,-6,7
PHF -3,4,-5,-1
ROOT 2501
UHF 1,-9,-2,1
LHF -5,7,-6,7
PHF -3,4,-5,-1
ROOT 2503
UHF 1,-9,-2,1
LHF -5,7,-6,7
PHF -3,4,-5,-1
ROOT 2509
UHF 1,-9,-2,1
LHF -5,7,-6,7
PHF -3,4,-5,-1
ROOT 2521
UHF 1,-9,-2,1
LHF -5,7,-6,7
PHF -3,4,-5,-1
ROOT 2523
UHF 1,-9,-2,1
LHF -5,7,-6,7
PHF -3,4,-5,-1
ROOT 2527
UHF 1,-9,-2,1
LHF -5,7,-6,7
PHF -3,4,-5,-1
ROOT 2543
UHF 1,-9,-2,1
LHF -5,7,-6,7
PHF -3,4,-5,-1
ROOT 2547
UHF 1,-9,-2,1
LHF -5,7,-6,7
PHF -3,4,-5,-1
ROOT 2549
UHF 1,-9,-2,1
LHF -5,7,-6,7
PHF -3,4,-5,-1
ROOT 2561
UHF 1,-9,-2,1
LHF -5,7,-6,7
PHF -3,4,-5,-1
ROOT 2567
UHF 1,-9,-2,1
LHF -5,7,-6,7
PHF -3,4,-5,-1
ROOT 2569
UHF 1,-9,-2,1
LHF -5,7,-6,7
PHF -3,4,-5,-1
ROOT 2603
UHF 1,-9,-2,1
LHF -5,7,-6,7
PHF -3,4,-5,-1
ROOT 2605
UHF 1,-9,-2,1
LHF -5,7,-6,7
PHF -3,4,-5,-1
ROOT 2609
UHF 1,-9,-2,1
LHF -5,7,-6,7
PHF -3,4,-5,-1
ROOT 2623
UHF 1,-9,-2,1
LHF -5,7,-6,7
PHF -3,4,-5,-1
ROOT 2625
UHF 1,-9,-2,1
LHF -5,7,-6,7
PHF -3,4,-5,-1
ROOT 2627
UHF 1,-9,-2,1
LHF -5,7,-6,7
PHF -3,4,-5,-1
ROOT 2665
UHF 1,-9,-2,1
LHF -5,7,-6,7
PHF -3,4,-5,-1
ROOT 2667
UHF 1,-9,-2,1
LHF -5,7,-6,7
PHF -3,4,-5,-1
ROOT 2669
UHF 1,-9,-2,1
LHF -5,7,-6,7
PHF -3,4,-5,-1
ROOT 2683
UHF 1,-9,-2,1
LHF -5,7,-6,7
PHF -3,4,-5,-1
ROOT 2687
UHF 1,-9,-2,1
LHF -5,7,-6,7
PHF -3,4,-5,-1
ROOT 2689
UHF 1,-9,-2,1
LHF -5,7,-6,7
PHF -3,4,-5,-1
ROOT 2721
UHF 1,-9,-2,1
LHF -5,7,-6,7
PHF -3,4,-5,-1
ROOT 2723
UHF 1,-9,-2,1
LHF -5,7,-6,7
PHF -3,4,-5,-1
ROOT 2725
UHF 1,-9,-2,1
LHF -5,7,-6,7
PHF -3,4,-5,-1
ROOT 2743
UHF 1,-9,-2,1
LHF -5,7,-6,7
PHF -3,4,-5,-1
ROOT 2745
UHF 1,-9,-2,1
LHF -5,7,-6,7
PHF -3,4,-5,-1
ROOT 2749
UHF 1,-9,-2,1
LHF -5,7,-6,7
PHF -3,4,-5,-1
ROOT 2761
UHF 1,-9,-2,1
LHF -5,7,-6,7
PHF -3,4,-5,-1
ROOT 2765
UHF 1,-9,-2,1
LHF -5,7,-6,7
PHF -3,4,-5,-1
ROOT 2769
UHF 1,-9,-2,1
LHF -5,7,-6,7
PHF -3,4,-5,-1
ROOT 2781
UHF 1,-9,-2,1
LHF -5,7,-6,7
PHF -3,4,-5,-1
ROOT 2783
UHF 1,-9,-2,1
LHF -5,7,-6,7
PHF -3,4,-5,-1
ROOT 2789
UHF 1,-9,-2,1
LHF -5,7,-6,7
PHF -3,4,-5,-1
ROOT 3410
UHF 1,-9,-2,1
LHF -5,7,-6,7
PHF -3,4,-5,-1
ROOT 3412
UHF 1,-9,-2,1
LHF -5,7,-6,7
PHF -3,4,-5,-1
ROOT 3416
UHF 1,-9,-2,1
LHF -5,7,-6,7
PHF -3,4,-5,-1
ROOT 3432
UHF 1,-9,-2,1
LHF -5,7,-6,7
PHF -3,4,-5,-1
ROOT 3436
UHF 1,-9,-2,1
LHF -5,7,-6,7
PHF -3,4,-5,-1
ROOT 3438
UHF 1,-9,-2,1
LHF -5,7,-6,7
PHF -3,4,-5,-1
ROOT 3450
UHF 1,-9,-2,1
LHF -5,7,-6,7
PHF -3,4,-5,-1
ROOT 3456
UHF 1,-9,-2,1
LHF -5,7,-6,7
PHF -3,4,-5,-1
ROOT 3458
UHF 1,-9,-2,1
LHF -5,7,-6,7
PHF -3,4,-5,-1
ROOT 3490
UHF 1,-9,-2,1
LHF -5,7,-6,7
PHF -3,4,-5,-1
ROOT 3492
UHF 1,-9,-2,1
LHF -5,7,-6,7
PHF -3,4,-5,-1
ROOT 3498
UHF 1,-9,-2,1
LHF -5,7,-6,7
PHF -3,4,-5,-1
ROOT 3512
UHF 1,-9,-2,1
LHF -5,7,-6,7
PHF -3,4,-5,-1
ROOT 3514
UHF 1,-9,-2,1
LHF -5,7,-6,7
PHF -3,4,-5,-1
ROOT 3516
UHF 1,-9,-2,1
LHF -5,7,-6,7
PHF -3,4,-5,-1
ROOT 3554
UHF 1,-9,-2,1
LHF -5,7,-6,7
PHF -3,4,-5,-1
ROOT 3556
UHF 1,-9,-2,1
LHF -5,7,-6,7
PHF -3,4,-5,-1
ROOT 3558
UHF 1,-9,-2,1
LHF -5,7,-6,7
PHF -3,4,-5,-1
ROOT 3572
UHF 1,-9,-2,1
LHF -5,7,-6,7
PHF -3,4,-5,-1
ROOT 3576
UHF 1,-9,-2,1
LHF -5,7,-6,7
PHF -3,4,-5,-1
ROOT 3578
UHF 1,-9,-2,1
LHF -5,7,-6,7
PHF -3,4,-5,-1
ROOT 3592
UHF 1,-9,-2,1
LHF -5,7,-6,7
PHF -3,4,-5,-1
ROOT 3594
UHF 1,-9,-2,1
LHF -5,7,-6,7
PHF -3,4,-5,-1
ROOT 3598
UHF 1,-9,-2,1
LHF -5,7,-6,7
PHF -3,4,-5,-1
ROOT 3610
UHF 1,-9,-2,1
LHF -5,7,-6,7
PHF -3,4,-5,-1
ROOT 3612
UHF 1,-9,-2,1
LHF -5,7,-6,7
PHF -3,4,-5,-1
ROOT 3614
UHF 1,-9,-2,1
LHF -5,7,-6,7
PHF -3,4,-5,-1
ROOT 3632
UHF 1,-9,-2,1
LHF -5,7,-6,7
PHF -3,4,-5,-1
ROOT 3634
UHF 1,-9,-2,1
LHF -5,7,-6,7
PHF -3,4,-5,-1
ROOT 3638
UHF 1,-9,-2,1
LHF -5,7,-6,7
PHF -3,4,-5,-1
ROOT 3650
UHF 1,-9,-2,1
LHF -5,7,-6,7
PHF -3,4,-5,-1
ROOT 3654
UHF 1,-9,-2,1
LHF -5,7,-6,7
PHF -3,4,-5,-1
ROOT 3658
UHF 1,-9,-2,1
LHF -5,7,-6,7
PHF -3,4,-5,-1
ROOT 3670
UHF 1,-9,-2,1
LHF -5,7,-6,7
PHF -3,4,-5,-1
ROOT 3672
UHF 1,-9,-2,1
LHF -5,7,-6,7
PHF -3,4,-5,-1
ROOT 3678
UHF 1,-9,-2,1
LHF -5,7,-6,7
PHF -3,4,-5,-1
ROOT 3710
UHF 1,-9,-2,1
LHF -5,7,-6,7
PHF -3,4,-5,-1
ROOT 3714
UHF 1,-9,-2,1
LHF -5,7,-6,7
PHF -3,4,-5,-1
ROOT 3716
UHF 1,-9,-2,1
LHF -5,7,-6,7
PHF -3,4,-5,-1
ROOT 3734
UHF 1,-9,-2,1
LHF -5,7,-6,7
PHF -3,4,-5,-1
ROOT 3736
UHF 1,-9,-2,1
LHF -5,7,-6,7
PHF -3,4,-5,-1
ROOT 3738
UHF 1,-9,-2,1
LHF -5,7,-6,7
PHF -3,4,-5,-1
ROOT 3770
UHF 1,-9,-2,1
LHF -5,7,-6,7
PHF -3,4,-5,-1
ROOT 3776
UHF 1,-9,-2,1
LHF -5,7,-6,7
PHF -3,4,-5,-1
ROOT 3778
UHF 1,-9,-2,1
LHF -5,7,-6,7
PHF -3,4,-5,-1
ROOT 3790
UHF 1,-9,-2,1
LHF -5,7,-6,7
PHF -3,4,-5,-1
ROOT 3794
UHF 1,-9,-2,1
LHF -5,7,-6,7
PHF -3,4,-5,-1
ROOT 3798
UHF 1,-9,-2,1
LHF -5,7,-6,7
PHF -3,4,-5,-1
ROOT 3832
UHF 1,-9,-2,1
LHF -5,7,-6,7
PHF -3,4,-5,-1
ROOT 3834
UHF 1,-9,-2,1
LHF -5,7,-6,7
PHF -3,4,-5,-1
ROOT 3836
UHF 1,-9,-2,1
LHF -5,7,-6,7
PHF -3,4,-5,-1
ROOT 3850
UHF 1,-9,-2,1
LHF -5,7,-6,7
PHF -3,4,-5,-1
ROOT 3854
UHF 1,-9,-2,1
LHF -5,7,-6,7
PHF -3,4,-5,-1
ROOT 3856
UHF 1,-9,-2,1
LHF -5,7,-6,7
PHF -3,4,-5,-1
ROOT 3870
UHF 1,-9,-2,1
LHF -5,7,-6,7
PHF -3,4,-5,-1
ROOT 3872
UHF 1,-9,-2,1
LHF -5,7,-6,7
PHF -3,4,-5,-1
ROOT 3876
UHF 1,-9,-2,1
LHF -5,7,-6,7
PHF -3,4,-5,-1
ROOT 3890
UHF 1,-9,-2,1
LHF -5,7,-6,7
PHF -3,4,-5,-1
ROOT 3892
UHF 1,-9,-2,1
LHF -5,7,-6,7
PHF -3,4,-5,-1
ROOT 3894
UHF 1,-9,-2,1
LHF -5,7,-6,7
PHF -3,4,-5,-1
ROOT 4501
UHF 1,-9,-2,1
LHF -5,7,-6,7
PHF -3,4,-5,-1
ROOT 4503
UHF 1,-9,-2,1
LHF -5,7,-6,7
PHF -3,4,-5,-1
ROOT 4509
UHF 1,-9,-2,1
LHF -5,7,-6,7
PHF -3,4,-5,-1
ROOT 4521
UHF 1,-9,-2,1
LHF -5,7,-6,7
PHF -3,4,-5,-1
ROOT 4523
UHF 1,-9,-2,1
LHF -5,7,-6,7
PHF -3,4,-5,-1
ROOT 4527
UHF 1,-9,-2,1
LHF -5,7,-6,7
PHF -3,4,-5,-1
ROOT 4543
UHF 1,-9,-2,1
LHF -5,7,-6,7
PHF -3,4,-5,-1
ROOT 4547
UHF 1,-9,-2,1
LHF -5,7,-6,7
PHF -3,4,-5,-1
ROOT 4549
UHF 1,-9,-2,1
LHF -5,7,-6,7
PHF -3,4,-5,-1
ROOT 4561
UHF 1,-9,-2,1
LHF -5,7,-6,7
PHF -3,4,-5,-1
ROOT 4567
UHF 1,-9,-2,1
LHF -5,7,-6,7
PHF -3,4,-5,-1
ROOT 4569
UHF 1,-9,-2,1
LHF -5,7,-6,7
PHF -3,4,-5,-1
ROOT 4603
UHF 1,-9,-2,1
LHF -5,7,-6,7
PHF -3,4,-5,-1
ROOT 4605
UHF 1,-9,-2,1
LHF -5,7,-6,7
PHF -3,4,-5,-1
ROOT 4609
UHF 1,-9,-2,1
LHF -5,7,-6,7
PHF -3,4,-5,-1
ROOT 4623
UHF 1,-9,-2,1
LHF -5,7,-6,7
PHF -3,4,-5,-1
ROOT 4625
UHF 1,-9,-2,1
LHF -5,7,-6,7
PHF -3,4,-5,-1
ROOT 4627
UHF 1,-9,-2,1
LHF -5,7,-6,7
PHF -3,4,-5,-1
ROOT 4665
UHF 1,-9,-2,1
LHF -5,7,-6,7
PHF -3,4,-5,-1
ROOT 4667
UHF 1,-9,-2,1
LHF -5,7,-6,7
PHF -3,4,-5,-1
ROOT 4669
UHF 1,-9,-2,1
LHF -5,7,-6,7
PHF -3,4,-5,-1
ROOT 4683
UHF 1,-9,-2,1
LHF -5,7,-6,7
PHF -3,4,-5,-1
ROOT 4687
UHF 1,-9,-2,1
LHF -5,7,-6,7
PHF -3,4,-5,-1
ROOT 4689
UHF 1,-9,-2,1
LHF -5,7,-6,7
PHF -3,4,-5,-1
ROOT 4721
UHF 1,-9,-2,1
LHF -5,7,-6,7
PHF -3,4,-5,-1
ROOT 4723
UHF 1,-9,-2,1
LHF -5,7,-6,7
PHF -3,4,-5,-1
ROOT 4725
UHF 1,-9,-2,1
LHF -5,7,-6,7
PHF -3,4,-5,-1
ROOT 4743
UHF 1,-9,-2,1
LHF -5,7,-6,7
PHF -3,4,-5,-1
ROOT 4745
UHF 1,-9,-2,1
LHF -5,7,-6,7
PHF -3,4,-5,-1
ROOT 4749
UHF 1,-9,-2,1
LHF -5,7,-6,7
PHF -3,4,-5,-1
ROOT 4761
UHF 1,-9,-2,1
LHF -5,7,-6,7
PHF -3,4,-5,-1
ROOT 4765
UHF 1,-9,-2,1
LHF -5,7,-6,7
PHF -3,4,-5,-1
ROOT 4769
UHF 1,-9,-2,1
LHF -5,7,-6,7
PHF -3,4,-5,-1
ROOT 4781
UHF 1,-9,-2,1
LHF -5,7,-6,7
PHF -3,4,-5,-1
ROOT 4783
UHF 1,-9,-2,1
LHF -5,7,-6,7
PHF -3,4,-5,-1
ROOT 4789
UHF 1,-9,-2,1
LHF -5,7,-6,7
PHF -3,4,-5,-1
ROOT 4801
UHF 1,-9,-2,1
LHF -5,7,-6,7
PHF -3,4,-5,-1
ROOT 4805
UHF 1,-9,-2,1
LHF -5,7,-6,7
PHF -3,4,-5,-1
ROOT 4809
UHF 1,-9,-2,1
LHF -5,7,-6,7
PHF -3,4,-5,-1
ROOT 4821
UHF 1,-9,-2,1
LHF -5,7,-6,7
PHF -3,4,-5,-1
ROOT 4825
UHF 1,-9,-2,1
LHF -5,7,-6,7
PHF -3,4,-5,-1
ROOT 4827
UHF 1,-9,-2,1
LHF -5,7,-6,7
PHF -3,4,-5,-1
ROOT 4845
UHF 1,-9,-2,1
LHF -5,7,-6,7
PHF -3,4,-5,-1
ROOT 4847
UHF 1,-9,-2,1
LHF -5,7,-6,7
PHF -3,4,-5,-1
ROOT 4849
UHF 1,-9,-2,1
LHF -5,7,-6,7
PHF -3,4,-5,-1
ROOT 4881
UHF 1,-9,-2,1
LHF -5,7,-6,7
PHF -3,4,-5,-1
ROOT 4887
UHF 1,-9,-2,1
LHF -5,7,-6,7
PHF -3,4,-5,-1
ROOT 4889
UHF 1,-9,-2,1
LHF -5,7,-6,7
PHF -3,4,-5,-1
ROOT 4901
UHF 1,-9,-2,1
LHF -5,7,-6,7
PHF -3,4,-5,-1
ROOT 4903
UHF 1,-9,-2,1
LHF -5,7,-6,7
PHF -3,4,-5,-1
ROOT 4905
UHF 1,-9,-2,1
LHF -5,7,-6,7
PHF -3,4,-5,-1
ROOT 4943
UHF 1,-9,-2,1
LHF -5,7,-6,7
PHF -3,4,-5,-1
ROOT 4945
UHF 1,-9,-2,1
LHF -5,7,-6,7
PHF -3,4,-5,-1
ROOT 4947
UHF 1,-9,-2,1
LHF -5,7,-6,7
PHF -3,4,-5,-1
ROOT 4961
UHF 1,-9,-2,1
LHF -5,7,-6,7
PHF -3,4,-5,-1
ROOT 4965
UHF 1,-9,-2,1
LHF -5,7,-6,7
PHF -3,4,-5,-1
ROOT 4967
UHF 1,-9,-2,1
LHF -5,7,-6,7
PHF -3,4,-5,-1
ROOT 4981
UHF 1,-9,-2,1
LHF -5,7,-6,7
PHF -3,4,-5,-1
ROOT 4983
UHF 1,-9,-2,1
LHF -5,7,-6,7
PHF -3,4,-5,-1
ROOT 4987
UHF 1,-9,-2,1
LHF -5,7,-6,7
PHF -3,4,-5,-1
ROOT 5012
UHF 1,-9,-2,1
LHF -5,7,-6,7
PHF -3,4,-5,-1
ROOT 5014
UHF 1,-9,-2,1
LHF -5,7,-6,7
PHF -3,4,-5,-1
ROOT 5016
UHF 1,-9,-2,1
LHF -5,7,-6,7
PHF -3,4,-5,-1
ROOT 5054
UHF 1,-9,-2,1
LHF -5,7,-6,7
PHF -3,4,-5,-1
ROOT 5056
UHF 1,-9,-2,1
LHF -5,7,-6,7
PHF -3,4,-5,-1
ROOT 5058
UHF 1,-9,-2,1
LHF -5,7,-6,7
PHF -3,4,-5,-1
ROOT 5072
UHF 1,-9,-2,1
LHF -5,7,-6,7
PHF -3,4,-5,-1
ROOT 5076
UHF 1,-9,-2,1
LHF -5,7,-6,7
PHF -3,4,-5,-1
ROOT 5078
UHF 1,-9,-2,1
LHF -5,7,-6,7
PHF -3,4,-5,-1
ROOT 5092
UHF 1,-9,-2,1
LHF -5,7,-6,7
PHF -3,4,-5,-1
ROOT 5094
UHF 1,-9,-2,1
LHF -5,7,-6,7
PHF -3,4,-5,-1
ROOT 5098
UHF 1,-9,-2,1
LHF -5,7,-6,7
PHF -3,4,-5,-1
ROOT 5610
UHF 1,-9,-2,1
LHF -5,7,-6,7
PHF -3,4,-5,-1
ROOT 5612
UHF 1,-9,-2,1
LHF -5,7,-6,7
PHF -3,4,-5,-1
ROOT 5614
UHF 1,-9,-2,1
LHF -5,7,-6,7
PHF -3,4,-5,-1
ROOT 5632
UHF 1,-9,-2,1
LHF -5,7,-6,7
PHF -3,4,-5,-1
ROOT 5634
UHF 1,-9,-2,1
LHF -5,7,-6,7
PHF -3,4,-5,-1
ROOT 5638
UHF 1,-9,-2,1
LHF -5,7,-6,7
PHF -3,4,-5,-1
ROOT 5650
UHF 1,-9,-2,1
LHF -5,7,-6,7
PHF -3,4,-5,-1
ROOT 5654
UHF 1,-9,-2,1
LHF -5,7,-6,7
PHF -3,4,-5,-1
ROOT 5658
UHF 1,-9,-2,1
LHF -5,7,-6,7
PHF -3,4,-5,-1
ROOT 5670
UHF 1,-9,-2,1
LHF -5,7,-6,7
PHF -3,4,-5,-1
ROOT 5672
UHF 1,-9,-2,1
LHF -5,7,-6,7
PHF -3,4,-5,-1
ROOT 5678
UHF 1,-9,-2,1
LHF -5,7,-6,7
PHF -3,4,-5,-1
ROOT 5710
UHF 1,-9,-2,1
LHF -5,7,-6,7
PHF -3,4,-5,-1
ROOT 5714
UHF 1,-9,-2,1
LHF -5,7,-6,7
PHF -3,4,-5,-1
ROOT 5716
UHF 1,-9,-2,1
LHF -5,7,-6,7
PHF -3,4,-5,-1
ROOT 5734
UHF 1,-9,-2,1
LHF -5,7,-6,7
PHF -3,4,-5,-1
ROOT 5736
UHF 1,-9,-2,1
LHF -5,7,-6,7
PHF -3,4,-5,-1
ROOT 5738
UHF 1,-9,-2,1
LHF -5,7,-6,7
PHF -3,4,-5,-1
ROOT 5770
UHF 1,-9,-2,1
LHF -5,7,-6,7
PHF -3,4,-5,-1
ROOT 5776
UHF 1,-9,-2,1
LHF -5,7,-6,7
PHF -3,4,-5,-1
ROOT 5778
UHF 1,-9,-2,1
LHF -5,7,-6,7
PHF -3,4,-5,-1
ROOT 5790
UHF 1,-9,-2,1
LHF -5,7,-6,7
PHF -3,4,-5,-1
ROOT 5794
UHF 1,-9,-2,1
LHF -5,7,-6,7
PHF -3,4,-5,-1
ROOT 5798
UHF 1,-9,-2,1
LHF -5,7,-6,7
PHF -3,4,-5,-1
ROOT 5832
UHF 1,-9,-2,1
LHF -5,7,-6,7
PHF -3,4,-5,-1
ROOT 5834
UHF 1,-9,-2,1
LHF -5,7,-6,7
PHF -3,4,-5,-1
ROOT 5836
UHF 1,-9,-2,1
LHF -5,7,-6,7
PHF -3,4,-5,-1
ROOT 5850
UHF 1,-9,-2,1
LHF -5,7,-6,7
PHF -3,4,-5,-1
ROOT 5854
UHF 1,-9,-2,1
LHF -5,7,-6,7
PHF -3,4,-5,-1
ROOT 5856
UHF 1,-9,-2,1
LHF -5,7,-6,7
PHF -3,4,-5,-1
ROOT 5870
UHF 1,-9,-2,1
LHF -5,7,-6,7
PHF -3,4,-5,-1
ROOT 5872
UHF 1,-9,-2,1
LHF -5,7,-6,7
PHF -3,4,-5,-1
ROOT 5876
UHF 1,-9,-2,1
LHF -5,7,-6,7
PHF -3,4,-5,-1
ROOT 5890
UHF 1,-9,-2,1
LHF -5,7,-6,7
PHF -3,4,-5,-1
ROOT 5892
UHF 1,-9,-2,1
LHF -5,7,-6,7
PHF -3,4,-5,-1
ROOT 5894
UHF 1,-9,-2,1
LHF -5,7,-6,7
PHF -3,4,-5,-1
ROOT 5910
UHF 1,-9,-2,1
LHF -5,7,-6,7
PHF -3,4,-5,-1
ROOT 5912
UHF 1,-9,-2,1
LHF -5,7,-6,7
PHF -3,4,-5,-1
ROOT 5916
UHF 1,-9,-2,1
LHF -5,7,-6,7
PHF -3,4,-5,-1
ROOT 5932
UHF 1,-9,-2,1
LHF -5,7,-6,7
PHF -3,4,-5,-1
ROOT 5936
UHF 1,-9,-2,1
LHF -5,7,-6,7
PHF -3,4,-5,-1
ROOT 5938
UHF 1,-9,-2,1
LHF -5,7,-6,7
PHF -3,4,-5,-1
ROOT 5950
UHF 1,-9,-2,1
LHF -5,7,-6,7
PHF -3,4,-5,-1
ROOT 5956
UHF 1,-9,-2,1
LHF -5,7,-6,7
PHF -3,4,-5,-1
ROOT 5958
UHF 1,-9,-2,1
LHF -5,7,-6,7
PHF -3,4,-5,-1
ROOT 5990
UHF 1,-9,-2,1
LHF -5,7,-6,7
PHF -3,4,-5,-1
ROOT 5992
UHF 1,-9,-2,1
LHF -5,7,-6,7
PHF -3,4,-5,-1
ROOT 5998
UHF 1,-9,-2,1
LHF -5,7,-6,7
PHF -3,4,-5,-1
ROOT 6001
UHF 1,-9,-2,1
LHF -5,7,-6,7
PHF -3,4,-5,-1
ROOT 6003
UHF 1,-9,-2,1
LHF -5,7,-6,7
PHF -3,4,-5,-1
ROOT 6009
UHF 1,-9,-2,1
LHF -5,7,-6,7
PHF -3,4,-5,-1
ROOT 6021
UHF 1,-9,-2,1
LHF -5,7,-6,7
PHF -3,4,-5,-1
ROOT 6023
UHF 1,-9,-2,1
LHF -5,7,-6,7
PHF -3,4,-5,-1
ROOT 6027
UHF 1,-9,-2,1
LHF -5,7,-6,7
PHF -3,4,-5,-1
ROOT 6043
UHF 1,-9,-2,1
LHF -5,7,-6,7
PHF -3,4,-5,-1
ROOT 6047
UHF 1,-9,-2,1
LHF -5,7,-6,7
PHF -3,4,-5,-1
ROOT 6049
UHF 1,-9,-2,1
LHF -5,7,-6,7
PHF -3,4,-5,-1
ROOT 6061
UHF 1,-9,-2,1
LHF -5,7,-6,7
PHF -3,4,-5,-1
ROOT 6067
UHF 1,-9,-2,1
LHF -5,7,-6,7
PHF -3,4,-5,-1
ROOT 6069
UHF 1,-9,-2,1
LHF -5,7,-6,7
PHF -3,4,-5,-1
ROOT 6103
UHF 1,-9,-2,1
LHF -5,7,-6,7
PHF -3,4,-5,-1
ROOT 6105
UHF 1,-9,-2,1
LHF -5,7,-6,7
PHF -3,4,-5,-1
ROOT 6109
UHF 1,-9,-2,1
LHF -5,7,-6,7
PHF -3,4,-5,-1
ROOT 6123
UHF 1,-9,-2,1
LHF -5,7,-6,7
PHF -3,4,-5,-1
ROOT 6125
UHF 1,-9,-2,1
LHF -5,7,-6,7
PHF -3,4,-5,-1
ROOT 6127
UHF 1,-9,-2,1
LHF -5,7,-6,7
PHF -3,4,-5,-1
ROOT 6165
UHF 1,-9,-2,1
LHF -5,7,-6,7
PHF -3,4,-5,-1
ROOT 6167
UHF 1,-9,-2,1
LHF -5,7,-6,7
PHF -3,4,-5,-1
ROOT 6169
UHF 1,-9,-2,1
LHF -5,7,-6,7
PHF -3,4,-5,-1
ROOT 6183
UHF 1,-9,-2,1
LHF -5,7,-6,7
PHF -3,4,-5,-1
ROOT 6187
UHF 1,-9,-2,1
LHF -5,7,-6,7
PHF -3,4,-5,-1
ROOT 6189
UHF 1,-9,-2,1
LHF -5,7,-6,7
PHF -3,4,-5,-1
ROOT 6721
UHF 1,-9,-2,1
LHF -5,7,-6,7
PHF -3,4,-5,-1
ROOT 6723
UHF 1,-9,-2,1
LHF -5,7,-6,7
PHF -3,4,-5,-1
ROOT 6725
UHF 1,-9,-2,1
LHF -5,7,-6,7
PHF -3,4,-5,-1
ROOT 6743
UHF 1,-9,-2,1
LHF -5,7,-6,7
PHF -3,4,-5,-1
ROOT 6745
UHF 1,-9,-2,1
LHF -5,7,-6,7
PHF -3,4,-5,-1
ROOT 6749
UHF 1,-9,-2,1
LHF -5,7,-6,7
PHF -3,4,-5,-1
ROOT 6761
UHF 1,-9,-2,1
LHF -5,7,-6,7
PHF -3,4,-5,-1
ROOT 6765
UHF 1,-9,-2,1
LHF -5,7,-6,7
PHF -3,4,-5,-1
ROOT 6769
UHF 1,-9,-2,1
LHF -5,7,-6,7
PHF -3,4,-5,-1
ROOT 6781
UHF 1,-9,-2,1
LHF -5,7,-6,7
PHF -3,4,-5,-1
ROOT 6783
UHF 1,-9,-2,1
LHF -5,7,-6,7
PHF -3,4,-5,-1
ROOT 6789
UHF 1,-9,-2,1
LHF -5,7,-6,7
PHF -3,4,-5,-1
ROOT 6801
UHF 1,-9,-2,1
LHF -5,7,-6,7
PHF -3,4,-5,-1
ROOT 6805
UHF 1,-9,-2,1
LHF -5,7,-6,7
PHF -3,4,-5,-1
ROOT 6809
UHF 1,-9,-2,1
LHF -5,7,-6,7
PHF -3,4,-5,-1
ROOT 6821
UHF 1,-9,-2,1
LHF -5,7,-6,7
PHF -3,4,-5,-1
ROOT 6825
UHF 1,-9,-2,1
LHF -5,7,-6,7
PHF -3,4,-5,-1
ROOT 6827
UHF 1,-9,-2,1
LHF -5,7,-6,7
PHF -3,4,-5,-1
ROOT 6845
UHF 1,-9,-2,1
LHF -5,7,-6,7
PHF -3,4,-5,-1
ROOT 6847
UHF 1,-9,-2,1
LHF -5,7,-6,7
PHF -3,4,-5,-1
ROOT 6849
UHF 1,-9,-2,1
LHF -5,7,-6,7
PHF -3,4,-5,-1
ROOT 6881
UHF 1,-9,-2,1
LHF -5,7,-6,7
PHF -3,4,-5,-1
ROOT 6887
UHF 1,-9,-2,1
LHF -5,7,-6,7
PHF -3,4,-5,-1
ROOT 6889
UHF 1,-9,-2,1
LHF -5,7,-6,7
PHF -3,4,-5,-1
ROOT 6901
UHF 1,-9,-2,1
LHF -5,7,-6,7
PHF -3,4,-5,-1
ROOT 6903
UHF 1,-9,-2,1
LHF -5,7,-6,7
PHF -3,4,-5,-1
ROOT 6905
UHF 1,-9,-2,1
LHF -5,7,-6,7
PHF -3,4,-5,-1
ROOT 6943
UHF 1,-9,-2,1
LHF -5,7,-6,7
PHF -3,4,-5,-1
ROOT 6945
UHF 1,-9,-2,1
LHF -5,7,-6,7
PHF -3,4,-5,-1
ROOT 6947
UHF 1,-9,-2,1
LHF -5,7,-6,7
PHF -3,4,-5,-1
ROOT 6961
UHF 1,-9,-2,1
LHF -5,7,-6,7
PHF -3,4,-5,-1
ROOT 6965
UHF 1,-9,-2,1
LHF -5,7,-6,7
PHF -3,4,-5,-1
ROOT 6967
UHF 1,-9,-2,1
LHF -5,7,-6,7
PHF -3,4,-5,-1
ROOT 6981
UHF 1,-9,-2,1
LHF -5,7,-6,7
PHF -3,4,-5,-1
ROOT 6983
UHF 1,-9,-2,1
LHF -5,7,-6,7
PHF -3,4,-5,-1
ROOT 6987
UHF 1,-9,-2,1
LHF -5,7,-6,7
PHF -3,4,-5,-1
ROOT 7012
UHF 1,-9,-2,1
LHF -5,7,-6,7
PHF -3,4,-5,-1
ROOT 7014
UHF 1,-9,-2,1
LHF -5,7,-6,7
PHF -3,4,-5,-1
ROOT 7016
UHF 1,-9,-2,1
LHF -5,7,-6,7
PHF -3,4,-5,-1
ROOT 7054
UHF 1,-9,-2,1
LHF -5,7,-6,7
PHF -3,4,-5,-1
ROOT 7056
UHF 1,-9,-2,1
LHF -5,7,-6,7
PHF -3,4,-5,-1
ROOT 7058
UHF 1,-9,-2,1
LHF -5,7,-6,7
PHF -3,4,-5,-1
ROOT 7072
UHF 1,-9,-2,1
LHF -5,7,-6,7
PHF -3,4,-5,-1
ROOT 7076
UHF 1,-9,-2,1
LHF -5,7,-6,7
PHF -3,4,-5,-1
ROOT 7078
UHF 1,-9,-2,1
LHF -5,7,-6,7
PHF -3,4,-5,-1
ROOT 7092
UHF 1,-9,-2,1
LHF -5,7,-6,7
PHF -3,4,-5,-1
ROOT 7094
UHF 1,-9,-2,1
LHF -5,7,-6,7
PHF -3,4,-5,-1
ROOT 7098
UHF 1,-9,-2,1
LHF -5,7,-6,7
PHF -3,4,-5,-1
ROOT 7110
UHF 1,-9,-2,1
LHF -5,7,-6,7
PHF -3,4,-5,-1
ROOT 7112
UHF 1,-9,-2,1
LHF -5,7,-6,7
PHF -3,4,-5,-1
ROOT 7114
UHF 1,-9,-2,1
LHF -5,7,-6,7
PHF -3,4,-5,-1
ROOT 7132
UHF 1,-9,-2,1
LHF -5,7,-6,7
PHF -3,4,-5,-1
ROOT 7134
UHF 1,-9,-2,1
LHF -5,7,-6,7
PHF -3,4,-5,-1
ROOT 7138
UHF 1,-9,-2,1
LHF -5,7,-6,7
PHF -3,4,-5,-1
ROOT 7150
UHF 1,-9,-2,1
LHF -5,7,-6,7
PHF -3,4,-5,-1
ROOT 7154
UHF 1,-9,-2,1
LHF -5,7,-6,7
PHF -3,4,-5,-1
ROOT 7158
UHF 1,-9,-2,1
LHF -5,7,-6,7
PHF -3,4,-5,-1
ROOT 7170
UHF 1,-9,-2,1
LHF -5,7,-6,7
PHF -3,4,-5,-1
ROOT 7172
UHF 1,-9,-2,1
LHF -5,7,-6,7
PHF -3,4,-5,-1
ROOT 7178
UHF 1,-9,-2,1
LHF -5,7,-6,7
PHF -3,4,-5,-1
ROOT 7210
UHF 1,-9,-2,1
LHF -5,7,-6,7
PHF -3,4,-5,-1
ROOT 7214
UHF 1,-9,-2,1
LHF -5,7,-6,7
PHF -3,4,-5,-1
ROOT 7216
UHF 1,-9,-2,1
LHF -5,7,-6,7
PHF -3,4,-5,-1
ROOT 7234
UHF 1,-9,-2,1
LHF -5,7,-6,7
PHF -3,4,-5,-1
ROOT 7236
UHF 1,-9,-2,1
LHF -5,7,-6,7
PHF -3,4,-5,-1
ROOT 7238
UHF 1,-9,-2,1
LHF -5,7,-6,7
PHF -3,4,-5,-1
ROOT 7270
UHF 1,-9,-2,1
LHF -5,7,-6,7
PHF -3,4,-5,-1
ROOT 7276
UHF 1,-9,-2,1
LHF -5,7,-6,7
PHF -3,4,-5,-1
ROOT 7278
UHF 1,-9,-2,1
LHF -5,7,-6,7
PHF -3,4,-5,-1
ROOT 7290
UHF 1,-9,-2,1
LHF -5,7,-6,7
PHF -3,4,-5,-1
ROOT 7294
UHF 1,-9,-2,1
LHF -5,7,-6,7
PHF -3,4,-5,-1
ROOT 7298
UHF 1,-9,-2,1
LHF -5,7,-6,7
PHF -3,4,-5,-1
ROOT 7832
UHF 1,-9,-2,1
LHF -5,7,-6,7
PHF -3,4,-5,-1
ROOT 7834
UHF 1,-9,-2,1
LHF -5,7,-6,7
PHF -3,4,-5,-1
ROOT 7836
UHF 1,-9,-2,1
LHF -5,7,-6,7
PHF -3,4,-5,-1
ROOT 7850
UHF 1,-9,-2,1
LHF -5,7,-6,7
PHF -3,4,-5,-1
ROOT 7854
UHF 1,-9,-2,1
LHF -5,7,-6,7
PHF -3,4,-5,-1
ROOT 7856
UHF 1,-9,-2,1
LHF -5,7,-6,7
PHF -3,4,-5,-1
ROOT 7870
UHF 1,-9,-2,1
LHF -5,7,-6,7
PHF -3,4,-5,-1
ROOT 7872
UHF 1,-9,-2,1
LHF -5,7,-6,7
PHF -3,4,-5,-1
ROOT 7876
UHF 1,-9,-2,1
LHF -5,7,-6,7
PHF -3,4,-5,-1
ROOT 7890
UHF 1,-9,-2,1
LHF -5,7,-6,7
PHF -3,4,-5,-1
ROOT 7892
UHF 1,-9,-2,1
LHF -5,7,-6,7
PHF -3,4,-5,-1
ROOT 7894
UHF 1,-9,-2,1
LHF -5,7,-6,7
PHF -3,4,-5,-1
ROOT 7910
UHF 1,-9,-2,1
LHF -5,7,-6,7
PHF -3,4,-5,-1
ROOT 7912
UHF 1,-9,-2,1
LHF -5,7,-6,7
PHF -3,4,-5,-1
ROOT 7916
UHF 1,-9,-2,1
LHF -5,7,-6,7
PHF -3,4,-5,-1
ROOT 7932
UHF 1,-9,-2,1
LHF -5,7,-6,7
PHF -3,4,-5,-1
ROOT 7936
UHF 1,-9,-2,1
LHF -5,7,-6,7
PHF -3,4,-5,-1
ROOT 7938
UHF 1,-9,-2,1
LHF -5,7,-6,7
PHF -3,4,-5,-1
ROOT 7950
UHF 1,-9,-2,1
LHF -5,7,-6,7
PHF -3,4,-5,-1
ROOT 7956
UHF 1,-9,-2,1
LHF -5,7,-6,7
PHF -3,4,-5,-1
ROOT 7958
UHF 1,-9,-2,1
LHF -5,7,-6,7
PHF -3,4,-5,-1
ROOT 7990
UHF 1,-9,-2,1
LHF -5,7,-6,7
PHF -3,4,-5,-1
ROOT 7992
UHF 1,-9,-2,1
LHF -5,7,-6,7
PHF -3,4,-5,-1
ROOT 7998
UHF 1,-9,-2,1
LHF -5,7,-6,7
PHF -3,4,-5,-1
ROOT 8001
UHF 1,-9,-2,1
LHF -5,7,-6,7
PHF -3,4,-5,-1
ROOT 8003
UHF 1,-9,-2,1
LHF -5,7,-6,7
PHF -3,4,-5,-1
ROOT 8009
UHF 1,-9,-2,1
LHF -5,7,-6,7
PHF -3,4,-5,-1
ROOT 8021
UHF 1,-9,-2,1
LHF -5,7,-6,7
PHF -3,4,-5,-1
ROOT 8023
UHF 1,-9,-2,1
LHF -5,7,-6,7
PHF -3,4,-5,-1
ROOT 8027
UHF 1,-9,-2,1
LHF -5,7,-6,7
PHF -3,4,-5,-1
ROOT 8043
UHF 1,-9,-2,1
LHF -5,7,-6,7
PHF -3,4,-5,-1
ROOT 8047
UHF 1,-9,-2,1
LHF -5,7,-6,7
PHF -3,4,-5,-1
ROOT 8049
UHF 1,-9,-2,1
LHF -5,7,-6,7
PHF -3,4,-5,-1
ROOT 8061
UHF 1,-9,-2,1
LHF -5,7,-6,7
PHF -3,4,-5,-1
ROOT 8067
UHF 1,-9,-2,1
LHF -5,7,-6,7
PHF -3,4,-5,-1
ROOT 8069
UHF 1,-9,-2,1
LHF -5,7,-6,7
PHF -3,4,-5,-1
ROOT 8103
UHF 1,-9,-2,1
LHF -5,7,-6,7
PHF -3,4,-5,-1
ROOT 8105
UHF 1,-9,-2,1
LHF -5,7,-6,7
PHF -3,4,-5,-1
ROOT 8109
UHF 1,-9,-2,1
LHF -5,7,-6,7
PHF -3,4,-5,-1
ROOT 8123
UHF 1,-9,-2,1
LHF -5,7,-6,7
PHF -3,4,-5,-1
ROOT 8125
UHF 1,-9,-2,1
LHF -5,7,-6,7
PHF -3,4,-5,-1
ROOT 8127
UHF 1,-9,-2,1
LHF -5,7,-6,7
PHF -3,4,-5,-1
ROOT 8165
UHF 1,-9,-2,1
LHF -5,7,-6,7
PHF -3,4,-5,-1
ROOT 8167
UHF 1,-9,-2,1
LHF -5,7,-6,7
PHF -3,4,-5,-1
ROOT 8169
UHF 1,-9,-2,1
LHF -5,7,-6,7
PHF -3,4,-5,-1
ROOT 8183
UHF 1,-9,-2,1
LHF -5,7,-6,7
PHF -3,4,-5,-1
ROOT 8187
UHF 1,-9,-2,1
LHF -5,7,-6,7
PHF -3,4,-5,-1
ROOT 8189
UHF 1,-9,-2,1
LHF -5,7,-6,7
PHF -3,4,-5,-1
ROOT 8221
UHF 1,-9,-2,1
LHF -5,7,-6,7
PHF -3,4,-5,-1
ROOT 8223
UHF 1,-9,-2,1
LHF -5,7,-6,7
PHF -3,4,-5,-1
ROOT 8225
UHF 1,-9,-2,1
LHF -5,7,-6,7
PHF -3,4,-5,-1
ROOT 8243
UHF 1,-9,-2,1
LHF -5,7,-6,7
PHF -3,4,-5,-1
ROOT 8245
UHF 1,-9,-2,1
LHF -5,7,-6,7
PHF -3,4,-5,-1
ROOT 8249
UHF 1,-9,-2,1
LHF -5,7,-6,7
PHF -3,4,-5,-1
ROOT 8261
UHF 1,-9,-2,1
LHF -5,7,-6,7
PHF -3,4,-5,-1
ROOT 8265
UHF 1,-9,-2,1
LHF -5,7,-6,7
PHF -3,4,-5,-1
ROOT 8269
UHF 1,-9,-2,1
LHF -5,7,-6,7
PHF -3,4,-5,-1
ROOT 8281
UHF 1,-9,-2,1
LHF -5,7,-6,7
PHF -3,4,-5,-1
ROOT 8283
UHF 1,-9,-2,1
LHF -5,7,-6,7
PHF -3,4,-5,-1
ROOT 8289
UHF 1,-9,-2,1
LHF -5,7,-6,7
PHF -3,4,-5,-1
ROOT 8301
UHF 1,-9,-2,1
LHF -5,7,-6,7
PHF -3,4,-5,-1
ROOT 8305
UHF 1,-9,-2,1
LHF -5,7,-6,7
PHF -3,4,-5,-1
ROOT 8309
UHF 1,-9,-2,1
LHF -5,7,-6,7
PHF -3,4,-5,-1
ROOT 8321
UHF 1,-9,-2,1
LHF -5,7,-6,7
PHF -3,4,-5,-1
ROOT 8325
UHF 1,-9,-2,1
LHF -5,7,-6,7
PHF -3,4,-5,-1
ROOT 8327
UHF 1,-9,-2,1
LHF -5,7,-6,7
PHF -3,4,-5,-1
ROOT 8345
UHF 1,-9,-2,1
LHF -5,7,-6,7
PHF -3,4,-5,-1
ROOT 8347
UHF 1,-9,-2,1
LHF -5,7,-6,7
PHF -3,4,-5,-1
ROOT 8349
UHF 1,-9,-2,1
LHF -5,7,-6,7
PHF -3,4,-5,-1
ROOT 8381
UHF 1,-9,-2,1
LHF -5,7,-6,7
PHF -3,4,-5,-1
ROOT 8387
UHF 1,-9,-2,1
LHF -5,7,-6,7
PHF -3,4,-5,-1
ROOT 8389
UHF 1,-9,-2,1
LHF -5,7,-6,7
PHF -3,4,-5,-1
ROOT 8901
UHF 1,-9,-2,1
LHF -5,7,-6,7
PHF -3,4,-5,-1
ROOT 8903
UHF 1,-9,-2,1
LHF -5,7,-6,7
PHF -3,4,-5,-1
ROOT 8905
UHF 1,-9,-2,1
LHF -5,7,-6,7
PHF -3,4,-5,-1
ROOT 8943
UHF 1,-9,-2,1
LHF -5,7,-6,7
PHF -3,4,-5,-1
ROOT 8945
UHF 1,-9,-2,1
LHF -5,7,-6,7
PHF -3,4,-5,-1
ROOT 8947
UHF 1,-9,-2,1
LHF -5,7,-6,7
PHF -3,4,-5,-1
ROOT 8961
UHF 1,-9,-2,1
LHF -5,7,-6,7
PHF -3,4,-5,-1
ROOT 8965
UHF 1,-9,-2,1
LHF -5,7,-6,7
PHF -3,4,-5,-1
ROOT 8967
UHF 1,-9,-2,1
LHF -5,7,-6,7
PHF -3,4,-5,-1
ROOT 8981
UHF 1,-9,-2,1
LHF -5,7,-6,7
PHF -3,4,-5,-1
ROOT 8983
UHF 1,-9,-2,1
LHF -5,7,-6,7
PHF -3,4,-5,-1
ROOT 8987
UHF 1,-9,-2,1
LHF -5,7,-6,7
PHF -3,4,-5,-1
ROOT 9012
UHF 1,-9,-2,1
LHF -5,7,-6,7
PHF -3,4,-5,-1
ROOT 9014
UHF 1,-9,-2,1
LHF -5,7,-6,7
PHF -3,4,-5,-1
ROOT 9016
UHF 1,-9,-2,1
LHF -5,7,-6,7
PHF -3,4,-5,-1
ROOT 9054
UHF 1,-9,-2,1
LHF -5,7,-6,7
PHF -3,4,-5,-1
ROOT 9056
UHF 1,-9,-2,1
LHF -5,7,-6,7
PHF -3,4,-5,-1
ROOT 9058
UHF 1,-9,-2,1
LHF -5,7,-6,7
PHF -3,4,-5,-1
ROOT 9072
UHF 1,-9,-2,1
LHF -5,7,-6,7
PHF -3,4,-5,-1
ROOT 9076
UHF 1,-9,-2,1
LHF -5,7,-6,7
PHF -3,4,-5,-1
ROOT 9078
UHF 1,-9,-2,1
LHF -5,7,-6,7
PHF -3,4,-5,-1
ROOT 9092
UHF 1,-9,-2,1
LHF -5,7,-6,7
PHF -3,4,-5,-1
ROOT 9094
UHF 1,-9,-2,1
LHF -5,7,-6,7
PHF -3,4,-5,-1
ROOT 9098
UHF 1,-9,-2,1
LHF -5,7,-6,7
PHF -3,4,-5,-1
ROOT 9110
UHF 1,-9,-2,1
LHF -5,7,-6,7
PHF -3,4,-5,-1
ROOT 9112
UHF 1,-9,-2,1
LHF -5,7,-6,7
PHF -3,4,-5,-1
ROOT 9114
UHF 1,-9,-2,1
LHF -5,7,-6,7
PHF -3,4,-5,-1
ROOT 9132
UHF 1,-9,-2,1
LHF -5,7,-6,7
PHF -3,4,-5,-1
ROOT 9134
UHF 1,-9,-2,1
LHF -5,7,-6,7
PHF -3,4,-5,-1
ROOT 9138
UHF 1,-9,-2,1
LHF -5,7,-6,7
PHF -3,4,-5,-1
ROOT 9150
UHF 1,-9,-2,1
LHF -5,7,-6,7
PHF -3,4,-5,-1
ROOT 9154
UHF 1,-9,-2,1
LHF -5,7,-6,7
PHF -3,4,-5,-1
ROOT 9158
UHF 1,-9,-2,1
LHF -5,7,-6,7
PHF -3,4,-5,-1
ROOT 9170
UHF 1,-9,-2,1
LHF -5,7,-6,7
PHF -3,4,-5,-1
ROOT 9172
UHF 1,-9,-2,1
LHF -5,7,-6,7
PHF -3,4,-5,-1
ROOT 9178
UHF 1,-9,-2,1
LHF -5,7,-6,7
PHF -3,4,-5,-1
ROOT 9210
UHF 1,-9,-2,1
LHF -5,7,-6,7
PHF -3,4,-5,-1
ROOT 9214
UHF 1,-9,-2,1
LHF -5,7,-6,7
PHF -3,4,-5,-1
ROOT 9216
UHF 1,-9,-2,1
LHF -5,7,-6,7
PHF -3,4,-5,-1
ROOT 9234
UHF 1,-9,-2,1
LHF -5,7,-6,7
PHF -3,4,-5,-1
ROOT 9236
UHF 1,-9,-2,1
LHF -5,7,-6,7
PHF -3,4,-5,-1
ROOT 9238
UHF 1,-9,-2,1
LHF -5,7,-6,7
PHF -3,4,-5,-1
ROOT 9270
UHF 1,-9,-2,1
LHF -5,7,-6,7
PHF -3,4,-5,-1
ROOT 9276
UHF 1,-9,-2,1
LHF -5,7,-6,7
PHF -3,4,-5,-1
ROOT 9278
UHF 1,-9,-2,1
LHF -5,7,-6,7
PHF -3,4,-5,-1
ROOT 9290
UHF 1,-9,-2,1
LHF -5,7,-6,7
PHF -3,4,-5,-1
ROOT 9294
UHF 1,-9,-2,1
LHF -5,7,-6,7
PHF -3,4,-5,-1
ROOT 9298
UHF 1,-9,-2,1
LHF -5,7,-6,7
PHF -3,4,-5,-1
ROOT 9332
UHF 1,-9,-2,1
LHF -5,7,-6,7
PHF -3,4,-5,-1
ROOT 9334
UHF 1,-9,-2,1
LHF -5,7,-6,7
PHF -3,4,-5,-1
ROOT 9336
UHF 1,-9,-2,1
LHF -5,7,-6,7
PHF -3,4,-5,-1
ROOT 9350
UHF 1,-9,-2,1
LHF -5,7,-6,7
PHF -3,4,-5,-1
ROOT 9354
UHF 1,-9,-2,1
LHF -5,7,-6,7
PHF -3,4,-5,-1
ROOT 9356
UHF 1,-9,-2,1
LHF -5,7,-6,7
PHF -3,4,-5,-1
ROOT 9370
UHF 1,-9,-2,1
LHF -5,7,-6,7
PHF -3,4,-5,-1
ROOT 9372
UHF 1,-9,-2,1
LHF -5,7,-6,7
PHF -3,4,-5,-1
ROOT 9376
UHF 1,-9,-2,1
LHF -5,7,-6,7
PHF -3,4,-5,-1
ROOT 9390
UHF 1,-9,-2,1
LHF -5,7,-6,7
PHF -3,4,-5,-1
ROOT 9392
UHF 1,-9,-2,1
LHF -5,7,-6,7
PHF -3,4,-5,-1
ROOT 9394
UHF 1,-9,-2,1
LHF -5,7,-6,7
PHF -3,4,-5,-1
ROOT 9410
UHF 1,-9,-2,1
LHF -5,7,-6,7
PHF -3,4,-5,-1
ROOT 9412
UHF 1,-9,-2,1
LHF -5,7,-6,7
PHF -3,4,-5,-1
ROOT 9416
UHF 1,-9,-2,1
LHF -5,7,-6,7
PHF -3,4,-5,-1
ROOT 9432
UHF 1,-9,-2,1
LHF -5,7,-6,7
PHF -3,4,-5,-1
ROOT 9436
UHF 1,-9,-2,1
LHF -5,7,-6,7
PHF -3,4,-5,-1
ROOT 9438
UHF 1,-9,-2,1
LHF -5,7,-6,7
PHF -3,4,-5,-1
ROOT 9450
UHF 1,-9,-2,1
LHF -5,7,-6,7
PHF -3,4,-5,-1
ROOT 9456
UHF 1,-9,-2,1
LHF -5,7,-6,7
PHF -3,4,-5,-1
ROOT 9458
UHF 1,-9,-2,1
LHF -5,7,-6,7
PHF -3,4,-5,-1
ROOT 9490
UHF 1,-9,-2,1
LHF -5,7,-6,7
PHF -3,4,-5,-1
ROOT 9492
UHF 1,-9,-2,1
LHF -5,7,-6,7
PHF -3,4,-5,-1
ROOT 9498
UHF 1,-9,-2,1
LHF -5,7,-6,7
PHF -3,4,-5,-1
