NL 144
ROOT: 0410
LN0: 1 8 7 3
LN1: 2 9 2 8
LN2: 3 0 7 3
LN3: 4 1 2 8
LN4: 5 2 7 3

ROOT: 0412
LN0: 1 8 7 5
LN1: 2 9 2 0
LN2: 3 0 7 5
LN3: 4 1 2 0
LN4: 5 2 7 5

ROOT: 0430
LN0: 1 8 9 3
LN1: 2 9 4 8
LN2: 3 0 9 3
LN3: 4 1 4 8
LN4: 5 2 9 3

ROOT: 0432
LN0: 1 8 9 5
LN1: 2 9 4 0
LN2: 3 0 9 5
LN3: 4 1 4 0
LN4: 5 2 9 5

ROOT: 0450
LN0: 1 8 1 3
LN1: 2 9 6 8
LN2: 3 0 1 3
LN3: 4 1 6 8
LN4: 5 2 1 3

ROOT: 0452
LN0: 1 8 1 5
LN1: 2 9 6 0
LN2: 3 0 1 5
LN3: 4 1 6 0
LN4: 5 2 1 5

ROOT: 0474
LN0: 1 8 3 7
LN1: 2 9 8 2
LN2: 3 0 3 7
LN3: 4 1 8 2
LN4: 5 2 3 7

ROOT: 0476
LN0: 1 8 3 9
LN1: 2 9 8 4
LN2: 3 0 3 9
LN3: 4 1 8 4
LN4: 5 2 3 9

ROOT: 0478
LN0: 1 8 3 1
LN1: 2 9 8 6
LN2: 3 0 3 1
LN3: 4 1 8 6
LN4: 5 2 3 1

ROOT: 0494
LN0: 1 8 5 7
LN1: 2 9 0 2
LN2: 3 0 5 7
LN3: 4 1 0 2
LN4: 5 2 5 7

ROOT: 0496
LN0: 1 8 5 9
LN1: 2 9 0 4
LN2: 3 0 5 9
LN3: 4 1 0 4
LN4: 5 2 5 9

ROOT: 0498
LN0: 1 8 5 1
LN1: 2 9 0 6
LN2: 3 0 5 1
LN3: 4 1 0 6
LN4: 5 2 5 1

ROOT: 0610
LN0: 1 0 7 3
LN1: 2 1 2 8
LN2: 3 2 7 3
LN3: 4 3 2 8
LN4: 5 4 7 3

ROOT: 0612
LN0: 1 0 7 5
LN1: 2 1 2 0
LN2: 3 2 7 5
LN3: 4 3 2 0
LN4: 5 4 7 5

ROOT: 0630
LN0: 1 0 9 3
LN1: 2 1 4 8
LN2: 3 2 9 3
LN3: 4 3 4 8
LN4: 5 4 9 3

ROOT: 0632
LN0: 1 0 9 5
LN1: 2 1 4 0
LN2: 3 2 9 5
LN3: 4 3 4 0
LN4: 5 4 9 5

ROOT: 0650
LN0: 1 0 1 3
LN1: 2 1 6 8
LN2: 3 2 1 3
LN3: 4 3 6 8
LN4: 5 4 1 3

ROOT: 0652
LN0: 1 0 1 5
LN1: 2 1 6 0
LN2: 3 2 1 5
LN3: 4 3 6 0
LN4: 5 4 1 5

ROOT: 0674
LN0: 1 0 3 7
LN1: 2 1 8 2
LN2: 3 2 3 7
LN3: 4 3 8 2
LN4: 5 4 3 7

ROOT: 0676
LN0: 1 0 3 9
LN1: 2 1 8 4
LN2: 3 2 3 9
LN3: 4 3 8 4
LN4: 5 4 3 9

ROOT: 0678
LN0: 1 0 3 1
LN1: 2 1 8 6
LN2: 3 2 3 1
LN3: 4 3 8 6
LN4: 5 4 3 1

ROOT: 0694
LN0: 1 0 5 7
LN1: 2 1 0 2
LN2: 3 2 5 7
LN3: 4 3 0 2
LN4: 5 4 5 7

ROOT: 0696
LN0: 1 0 5 9
LN1: 2 1 0 4
LN2: 3 2 5 9
LN3: 4 3 0 4
LN4: 5 4 5 9

ROOT: 0698
LN0: 1 0 5 1
LN1: 2 1 0 6
LN2: 3 2 5 1
LN3: 4 3 0 6
LN4: 5 4 5 1

ROOT: 1505
LN0: 2 9 6 8
LN1: 3 0 1 3
LN2: 4 1 6 8
LN3: 5 2 1 3
LN4: 6 3 6 8

ROOT: 1507
LN0: 2 9 6 0
LN1: 3 0 1 5
LN2: 4 1 6 0
LN3: 5 2 1 5
LN4: 6 3 6 0

ROOT: 1521
LN0: 2 9 8 4
LN1: 3 0 3 9
LN2: 4 1 8 4
LN3: 5 2 3 9
LN4: 6 3 8 4

ROOT: 1523
LN0: 2 9 8 6
LN1: 3 0 3 1
LN2: 4 1 8 6
LN3: 5 2 3 1
LN4: 6 3 8 6

ROOT: 1529
LN0: 2 9 8 2
LN1: 3 0 3 7
LN2: 4 1 8 2
LN3: 5 2 3 7
LN4: 6 3 8 2

ROOT: 1541
LN0: 2 9 0 4
LN1: 3 0 5 9
LN2: 4 1 0 4
LN3: 5 2 5 9
LN4: 6 3 0 4

ROOT: 1543
LN0: 2 9 0 6
LN1: 3 0 5 1
LN2: 4 1 0 6
LN3: 5 2 5 1
LN4: 6 3 0 6

ROOT: 1549
LN0: 2 9 0 2
LN1: 3 0 5 7
LN2: 4 1 0 2
LN3: 5 2 5 7
LN4: 6 3 0 2

ROOT: 1565
LN0: 2 9 2 8
LN1: 3 0 7 3
LN2: 4 1 2 8
LN3: 5 2 7 3
LN4: 6 3 2 8

ROOT: 1567
LN0: 2 9 2 0
LN1: 3 0 7 5
LN2: 4 1 2 0
LN3: 5 2 7 5
LN4: 6 3 2 0

ROOT: 1585
LN0: 2 9 4 8
LN1: 3 0 9 3
LN2: 4 1 4 8
LN3: 5 2 9 3
LN4: 6 3 4 8

ROOT: 1587
LN0: 2 9 4 0
LN1: 3 0 9 5
LN2: 4 1 4 0
LN3: 5 2 9 5
LN4: 6 3 4 0

ROOT: 1705
LN0: 2 1 6 8
LN1: 3 2 1 3
LN2: 4 3 6 8
LN3: 5 4 1 3
LN4: 6 5 6 8

ROOT: 1707
LN0: 2 1 6 0
LN1: 3 2 1 5
LN2: 4 3 6 0
LN3: 5 4 1 5
LN4: 6 5 6 0

ROOT: 1721
LN0: 2 1 8 4
LN1: 3 2 3 9
LN2: 4 3 8 4
LN3: 5 4 3 9
LN4: 6 5 8 4

ROOT: 1723
LN0: 2 1 8 6
LN1: 3 2 3 1
LN2: 4 3 8 6
LN3: 5 4 3 1
LN4: 6 5 8 6

ROOT: 1729
LN0: 2 1 8 2
LN1: 3 2 3 7
LN2: 4 3 8 2
LN3: 5 4 3 7
LN4: 6 5 8 2

ROOT: 1741
LN0: 2 1 0 4
LN1: 3 2 5 9
LN2: 4 3 0 4
LN3: 5 4 5 9
LN4: 6 5 0 4

ROOT: 1743
LN0: 2 1 0 6
LN1: 3 2 5 1
LN2: 4 3 0 6
LN3: 5 4 5 1
LN4: 6 5 0 6

ROOT: 1749
LN0: 2 1 0 2
LN1: 3 2 5 7
LN2: 4 3 0 2
LN3: 5 4 5 7
LN4: 6 5 0 2

ROOT: 1765
LN0: 2 1 2 8
LN1: 3 2 7 3
LN2: 4 3 2 8
LN3: 5 4 7 3
LN4: 6 5 2 8

ROOT: 1767
LN0: 2 1 2 0
LN1: 3 2 7 5
LN2: 4 3 2 0
LN3: 5 4 7 5
LN4: 6 5 2 0

ROOT: 1785
LN0: 2 1 4 8
LN1: 3 2 9 3
LN2: 4 3 4 8
LN3: 5 4 9 3
LN4: 6 5 4 8

ROOT: 1787
LN0: 2 1 4 0
LN1: 3 2 9 5
LN2: 4 3 4 0
LN3: 5 4 9 5
LN4: 6 5 4 0

ROOT: 6610
LN0: 7 0 7 3
LN1: 8 1 2 8
LN2: 9 2 7 3
LN3: 0 3 2 8
LN4: 1 4 7 3

ROOT: 6612
LN0: 7 0 7 5
LN1: 8 1 2 0
LN2: 9 2 7 5
LN3: 0 3 2 0
LN4: 1 4 7 5

ROOT: 6630
LN0: 7 0 9 3
LN1: 8 1 4 8
LN2: 9 2 9 3
LN3: 0 3 4 8
LN4: 1 4 9 3

ROOT: 6632
LN0: 7 0 9 5
LN1: 8 1 4 0
LN2: 9 2 9 5
LN3: 0 3 4 0
LN4: 1 4 9 5

ROOT: 6650
LN0: 7 0 1 3
LN1: 8 1 6 8
LN2: 9 2 1 3
LN3: 0 3 6 8
LN4: 1 4 1 3

ROOT: 6652
LN0: 7 0 1 5
LN1: 8 1 6 0
LN2: 9 2 1 5
LN3: 0 3 6 0
LN4: 1 4 1 5

ROOT: 6674
LN0: 7 0 3 7
LN1: 8 1 8 2
LN2: 9 2 3 7
LN3: 0 3 8 2
LN4: 1 4 3 7

ROOT: 6676
LN0: 7 0 3 9
LN1: 8 1 8 4
LN2: 9 2 3 9
LN3: 0 3 8 4
LN4: 1 4 3 9

ROOT: 6678
LN0: 7 0 3 1
LN1: 8 1 8 6
LN2: 9 2 3 1
LN3: 0 3 8 6
LN4: 1 4 3 1

ROOT: 6694
LN0: 7 0 5 7
LN1: 8 1 0 2
LN2: 9 2 5 7
LN3: 0 3 0 2
LN4: 1 4 5 7

ROOT: 6696
LN0: 7 0 5 9
LN1: 8 1 0 4
LN2: 9 2 5 9
LN3: 0 3 0 4
LN4: 1 4 5 9

ROOT: 6698
LN0: 7 0 5 1
LN1: 8 1 0 6
LN2: 9 2 5 1
LN3: 0 3 0 6
LN4: 1 4 5 1

ROOT: 6810
LN0: 7 2 7 3
LN1: 8 3 2 8
LN2: 9 4 7 3
LN3: 0 5 2 8
LN4: 1 6 7 3

ROOT: 6812
LN0: 7 2 7 5
LN1: 8 3 2 0
LN2: 9 4 7 5
LN3: 0 5 2 0
LN4: 1 6 7 5

ROOT: 6830
LN0: 7 2 9 3
LN1: 8 3 4 8
LN2: 9 4 9 3
LN3: 0 5 4 8
LN4: 1 6 9 3

ROOT: 6832
LN0: 7 2 9 5
LN1: 8 3 4 0
LN2: 9 4 9 5
LN3: 0 5 4 0
LN4: 1 6 9 5

ROOT: 6850
LN0: 7 2 1 3
LN1: 8 3 6 8
LN2: 9 4 1 3
LN3: 0 5 6 8
LN4: 1 6 1 3

ROOT: 6852
LN0: 7 2 1 5
LN1: 8 3 6 0
LN2: 9 4 1 5
LN3: 0 5 6 0
LN4: 1 6 1 5

ROOT: 6874
LN0: 7 2 3 7
LN1: 8 3 8 2
LN2: 9 4 3 7
LN3: 0 5 8 2
LN4: 1 6 3 7

ROOT: 6876
LN0: 7 2 3 9
LN1: 8 3 8 4
LN2: 9 4 3 9
LN3: 0 5 8 4
LN4: 1 6 3 9

ROOT: 6878
LN0: 7 2 3 1
LN1: 8 3 8 6
LN2: 9 4 3 1
LN3: 0 5 8 6
LN4: 1 6 3 1

ROOT: 6894
LN0: 7 2 5 7
LN1: 8 3 0 2
LN2: 9 4 5 7
LN3: 0 5 0 2
LN4: 1 6 5 7

ROOT: 6896
LN0: 7 2 5 9
LN1: 8 3 0 4
LN2: 9 4 5 9
LN3: 0 5 0 4
LN4: 1 6 5 9

ROOT: 6898
LN0: 7 2 5 1
LN1: 8 3 0 6
LN2: 9 4 5 1
LN3: 0 5 0 6
LN4: 1 6 5 1

ROOT: 7705
LN0: 8 1 6 8
LN1: 9 2 1 3
LN2: 0 3 6 8
LN3: 1 4 1 3
LN4: 2 5 6 8

ROOT: 7707
LN0: 8 1 6 0
LN1: 9 2 1 5
LN2: 0 3 6 0
LN3: 1 4 1 5
LN4: 2 5 6 0

ROOT: 7721
LN0: 8 1 8 4
LN1: 9 2 3 9
LN2: 0 3 8 4
LN3: 1 4 3 9
LN4: 2 5 8 4

ROOT: 7723
LN0: 8 1 8 6
LN1: 9 2 3 1
LN2: 0 3 8 6
LN3: 1 4 3 1
LN4: 2 5 8 6

ROOT: 7729
LN0: 8 1 8 2
LN1: 9 2 3 7
LN2: 0 3 8 2
LN3: 1 4 3 7
LN4: 2 5 8 2

ROOT: 7741
LN0: 8 1 0 4
LN1: 9 2 5 9
LN2: 0 3 0 4
LN3: 1 4 5 9
LN4: 2 5 0 4

ROOT: 7743
LN0: 8 1 0 6
LN1: 9 2 5 1
LN2: 0 3 0 6
LN3: 1 4 5 1
LN4: 2 5 0 6

ROOT: 7749
LN0: 8 1 0 2
LN1: 9 2 5 7
LN2: 0 3 0 2
LN3: 1 4 5 7
LN4: 2 5 0 2

ROOT: 7765
LN0: 8 1 2 8
LN1: 9 2 7 3
LN2: 0 3 2 8
LN3: 1 4 7 3
LN4: 2 5 2 8

ROOT: 7767
LN0: 8 1 2 0
LN1: 9 2 7 5
LN2: 0 3 2 0
LN3: 1 4 7 5
LN4: 2 5 2 0

ROOT: 7785
LN0: 8 1 4 8
LN1: 9 2 9 3
LN2: 0 3 4 8
LN3: 1 4 9 3
LN4: 2 5 4 8

ROOT: 7787
LN0: 8 1 4 0
LN1: 9 2 9 5
LN2: 0 3 4 0
LN3: 1 4 9 5
LN4: 2 5 4 0

ROOT: 7905
LN0: 8 3 6 8
LN1: 9 4 1 3
LN2: 0 5 6 8
LN3: 1 6 1 3
LN4: 2 7 6 8

ROOT: 7907
LN0: 8 3 6 0
LN1: 9 4 1 5
LN2: 0 5 6 0
LN3: 1 6 1 5
LN4: 2 7 6 0

ROOT: 7921
LN0: 8 3 8 4
LN1: 9 4 3 9
LN2: 0 5 8 4
LN3: 1 6 3 9
LN4: 2 7 8 4

ROOT: 7923
LN0: 8 3 8 6
LN1: 9 4 3 1
LN2: 0 5 8 6
LN3: 1 6 3 1
LN4: 2 7 8 6

ROOT: 7929
LN0: 8 3 8 2
LN1: 9 4 3 7
LN2: 0 5 8 2
LN3: 1 6 3 7
LN4: 2 7 8 2

ROOT: 7941
LN0: 8 3 0 4
LN1: 9 4 5 9
LN2: 0 5 0 4
LN3: 1 6 5 9
LN4: 2 7 0 4

ROOT: 7943
LN0: 8 3 0 6
LN1: 9 4 5 1
LN2: 0 5 0 6
LN3: 1 6 5 1
LN4: 2 7 0 6

ROOT: 7949
LN0: 8 3 0 2
LN1: 9 4 5 7
LN2: 0 5 0 2
LN3: 1 6 5 7
LN4: 2 7 0 2

ROOT: 7965
LN0: 8 3 2 8
LN1: 9 4 7 3
LN2: 0 5 2 8
LN3: 1 6 7 3
LN4: 2 7 2 8

ROOT: 7967
LN0: 8 3 2 0
LN1: 9 4 7 5
LN2: 0 5 2 0
LN3: 1 6 7 5
LN4: 2 7 2 0

ROOT: 7985
LN0: 8 3 4 8
LN1: 9 4 9 3
LN2: 0 5 4 8
LN3: 1 6 9 3
LN4: 2 7 4 8

ROOT: 7987
LN0: 8 3 4 0
LN1: 9 4 9 5
LN2: 0 5 4 0
LN3: 1 6 9 5
LN4: 2 7 4 0

ROOT: 8410
LN0: 9 8 7 3
LN1: 0 9 2 8
LN2: 1 0 7 3
LN3: 2 1 2 8
LN4: 3 2 7 3

ROOT: 8412
LN0: 9 8 7 5
LN1: 0 9 2 0
LN2: 1 0 7 5
LN3: 2 1 2 0
LN4: 3 2 7 5

ROOT: 8430
LN0: 9 8 9 3
LN1: 0 9 4 8
LN2: 1 0 9 3
LN3: 2 1 4 8
LN4: 3 2 9 3

ROOT: 8432
LN0: 9 8 9 5
LN1: 0 9 4 0
LN2: 1 0 9 5
LN3: 2 1 4 0
LN4: 3 2 9 5

ROOT: 8450
LN0: 9 8 1 3
LN1: 0 9 6 8
LN2: 1 0 1 3
LN3: 2 1 6 8
LN4: 3 2 1 3

ROOT: 8452
LN0: 9 8 1 5
LN1: 0 9 6 0
LN2: 1 0 1 5
LN3: 2 1 6 0
LN4: 3 2 1 5

ROOT: 8474
LN0: 9 8 3 7
LN1: 0 9 8 2
LN2: 1 0 3 7
LN3: 2 1 8 2
LN4: 3 2 3 7

ROOT: 8476
LN0: 9 8 3 9
LN1: 0 9 8 4
LN2: 1 0 3 9
LN3: 2 1 8 4
LN4: 3 2 3 9

ROOT: 8478
LN0: 9 8 3 1
LN1: 0 9 8 6
LN2: 1 0 3 1
LN3: 2 1 8 6
LN4: 3 2 3 1

ROOT: 8494
LN0: 9 8 5 7
LN1: 0 9 0 2
LN2: 1 0 5 7
LN3: 2 1 0 2
LN4: 3 2 5 7

ROOT: 8496
LN0: 9 8 5 9
LN1: 0 9 0 4
LN2: 1 0 5 9
LN3: 2 1 0 4
LN4: 3 2 5 9

ROOT: 8498
LN0: 9 8 5 1
LN1: 0 9 0 6
LN2: 1 0 5 1
LN3: 2 1 0 6
LN4: 3 2 5 1

ROOT: 8810
LN0: 9 2 7 3
LN1: 0 3 2 8
LN2: 1 4 7 3
LN3: 2 5 2 8
LN4: 3 6 7 3

ROOT: 8812
LN0: 9 2 7 5
LN1: 0 3 2 0
LN2: 1 4 7 5
LN3: 2 5 2 0
LN4: 3 6 7 5

ROOT: 8830
LN0: 9 2 9 3
LN1: 0 3 4 8
LN2: 1 4 9 3
LN3: 2 5 4 8
LN4: 3 6 9 3

ROOT: 8832
LN0: 9 2 9 5
LN1: 0 3 4 0
LN2: 1 4 9 5
LN3: 2 5 4 0
LN4: 3 6 9 5

ROOT: 8850
LN0: 9 2 1 3
LN1: 0 3 6 8
LN2: 1 4 1 3
LN3: 2 5 6 8
LN4: 3 6 1 3

ROOT: 8852
LN0: 9 2 1 5
LN1: 0 3 6 0
LN2: 1 4 1 5
LN3: 2 5 6 0
LN4: 3 6 1 5

ROOT: 8874
LN0: 9 2 3 7
LN1: 0 3 8 2
LN2: 1 4 3 7
LN3: 2 5 8 2
LN4: 3 6 3 7

ROOT: 8876
LN0: 9 2 3 9
LN1: 0 3 8 4
LN2: 1 4 3 9
LN3: 2 5 8 4
LN4: 3 6 3 9

ROOT: 8878
LN0: 9 2 3 1
LN1: 0 3 8 6
LN2: 1 4 3 1
LN3: 2 5 8 6
LN4: 3 6 3 1

ROOT: 8894
LN0: 9 2 5 7
LN1: 0 3 0 2
LN2: 1 4 5 7
LN3: 2 5 0 2
LN4: 3 6 5 7

ROOT: 8896
LN0: 9 2 5 9
LN1: 0 3 0 4
LN2: 1 4 5 9
LN3: 2 5 0 4
LN4: 3 6 5 9

ROOT: 8898
LN0: 9 2 5 1
LN1: 0 3 0 6
LN2: 1 4 5 1
LN3: 2 5 0 6
LN4: 3 6 5 1

ROOT: 9505
LN0: 0 9 6 8
LN1: 1 0 1 3
LN2: 2 1 6 8
LN3: 3 2 1 3
LN4: 4 3 6 8

ROOT: 9507
LN0: 0 9 6 0
LN1: 1 0 1 5
LN2: 2 1 6 0
LN3: 3 2 1 5
LN4: 4 3 6 0

ROOT: 9521
LN0: 0 9 8 4
LN1: 1 0 3 9
LN2: 2 1 8 4
LN3: 3 2 3 9
LN4: 4 3 8 4

ROOT: 9523
LN0: 0 9 8 6
LN1: 1 0 3 1
LN2: 2 1 8 6
LN3: 3 2 3 1
LN4: 4 3 8 6

ROOT: 9529
LN0: 0 9 8 2
LN1: 1 0 3 7
LN2: 2 1 8 2
LN3: 3 2 3 7
LN4: 4 3 8 2

ROOT: 9541
LN0: 0 9 0 4
LN1: 1 0 5 9
LN2: 2 1 0 4
LN3: 3 2 5 9
LN4: 4 3 0 4

ROOT: 9543
LN0: 0 9 0 6
LN1: 1 0 5 1
LN2: 2 1 0 6
LN3: 3 2 5 1
LN4: 4 3 0 6

ROOT: 9549
LN0: 0 9 0 2
LN1: 1 0 5 7
LN2: 2 1 0 2
LN3: 3 2 5 7
LN4: 4 3 0 2

ROOT: 9565
LN0: 0 9 2 8
LN1: 1 0 7 3
LN2: 2 1 2 8
LN3: 3 2 7 3
LN4: 4 3 2 8

ROOT: 9567
LN0: 0 9 2 0
LN1: 1 0 7 5
LN2: 2 1 2 0
LN3: 3 2 7 5
LN4: 4 3 2 0

ROOT: 9585
LN0: 0 9 4 8
LN1: 1 0 9 3
LN2: 2 1 4 8
LN3: 3 2 9 3
LN4: 4 3 4 8

ROOT: 9587
LN0: 0 9 4 0
LN1: 1 0 9 5
LN2: 2 1 4 0
LN3: 3 2 9 5
LN4: 4 3 4 0

ROOT: 9905
LN0: 0 3 6 8
LN1: 1 4 1 3
LN2: 2 5 6 8
LN3: 3 6 1 3
LN4: 4 7 6 8

ROOT: 9907
LN0: 0 3 6 0
LN1: 1 4 1 5
LN2: 2 5 6 0
LN3: 3 6 1 5
LN4: 4 7 6 0

ROOT: 9921
LN0: 0 3 8 4
LN1: 1 4 3 9
LN2: 2 5 8 4
LN3: 3 6 3 9
LN4: 4 7 8 4

ROOT: 9923
LN0: 0 3 8 6
LN1: 1 4 3 1
LN2: 2 5 8 6
LN3: 3 6 3 1
LN4: 4 7 8 6

ROOT: 9929
LN0: 0 3 8 2
LN1: 1 4 3 7
LN2: 2 5 8 2
LN3: 3 6 3 7
LN4: 4 7 8 2

ROOT: 9941
LN0: 0 3 0 4
LN1: 1 4 5 9
LN2: 2 5 0 4
LN3: 3 6 5 9
LN4: 4 7 0 4

ROOT: 9943
LN0: 0 3 0 6
LN1: 1 4 5 1
LN2: 2 5 0 6
LN3: 3 6 5 1
LN4: 4 7 0 6

ROOT: 9949
LN0: 0 3 0 2
LN1: 1 4 5 7
LN2: 2 5 0 2
LN3: 3 6 5 7
LN4: 4 7 0 2

ROOT: 9965
LN0: 0 3 2 8
LN1: 1 4 7 3
LN2: 2 5 2 8
LN3: 3 6 7 3
LN4: 4 7 2 8

ROOT: 9967
LN0: 0 3 2 0
LN1: 1 4 7 5
LN2: 2 5 2 0
LN3: 3 6 7 5
LN4: 4 7 2 0

ROOT: 9985
LN0: 0 3 4 8
LN1: 1 4 9 3
LN2: 2 5 4 8
LN3: 3 6 9 3
LN4: 4 7 4 8

ROOT: 9987
LN0: 0 3 4 0
LN1: 1 4 9 5
LN2: 2 5 4 0
LN3: 3 6 9 5
LN4: 4 7 4 0

