NL 144
ROOT: 1071
LN0: 9 9 1 0
LN1: 0 4 6 1
LN2: 1 9 1 2
LN3: 2 4 6 3
LN4: 3 9 1 4

ROOT: 1079
LN0: 9 9 1 8
LN1: 0 4 6 9
LN2: 1 9 1 0
LN3: 2 4 6 1
LN4: 3 9 1 2

ROOT: 1091
LN0: 9 9 3 0
LN1: 0 4 8 1
LN2: 1 9 3 2
LN3: 2 4 8 3
LN4: 3 9 3 4

ROOT: 1099
LN0: 9 9 3 8
LN1: 0 4 8 9
LN2: 1 9 3 0
LN3: 2 4 8 1
LN4: 3 9 3 2

ROOT: 1271
LN0: 9 1 1 0
LN1: 0 6 6 1
LN2: 1 1 1 2
LN3: 2 6 6 3
LN4: 3 1 1 4

ROOT: 1279
LN0: 9 1 1 8
LN1: 0 6 6 9
LN2: 1 1 1 0
LN3: 2 6 6 1
LN4: 3 1 1 2

ROOT: 1291
LN0: 9 1 3 0
LN1: 0 6 8 1
LN2: 1 1 3 2
LN3: 2 6 8 3
LN4: 3 1 3 4

ROOT: 1299
LN0: 9 1 3 8
LN1: 0 6 8 9
LN2: 1 1 3 0
LN3: 2 6 8 1
LN4: 3 1 3 2

ROOT: 1471
LN0: 9 3 1 0
LN1: 0 8 6 1
LN2: 1 3 1 2
LN3: 2 8 6 3
LN4: 3 3 1 4

ROOT: 1479
LN0: 9 3 1 8
LN1: 0 8 6 9
LN2: 1 3 1 0
LN3: 2 8 6 1
LN4: 3 3 1 2

ROOT: 1491
LN0: 9 3 3 0
LN1: 0 8 8 1
LN2: 1 3 3 2
LN3: 2 8 8 3
LN4: 3 3 3 4

ROOT: 1499
LN0: 9 3 3 8
LN1: 0 8 8 9
LN2: 1 3 3 0
LN3: 2 8 8 1
LN4: 3 3 3 2

ROOT: 1611
LN0: 9 5 5 0
LN1: 0 0 0 1
LN2: 1 5 5 2
LN3: 2 0 0 3
LN4: 3 5 5 4

ROOT: 1619
LN0: 9 5 5 8
LN1: 0 0 0 9
LN2: 1 5 5 0
LN3: 2 0 0 1
LN4: 3 5 5 2

ROOT: 1631
LN0: 9 5 7 0
LN1: 0 0 2 1
LN2: 1 5 7 2
LN3: 2 0 2 3
LN4: 3 5 7 4

ROOT: 1639
LN0: 9 5 7 8
LN1: 0 0 2 9
LN2: 1 5 7 0
LN3: 2 0 2 1
LN4: 3 5 7 2

ROOT: 1651
LN0: 9 5 9 0
LN1: 0 0 4 1
LN2: 1 5 9 2
LN3: 2 0 4 3
LN4: 3 5 9 4

ROOT: 1659
LN0: 9 5 9 8
LN1: 0 0 4 9
LN2: 1 5 9 0
LN3: 2 0 4 1
LN4: 3 5 9 2

ROOT: 1811
LN0: 9 7 5 0
LN1: 0 2 0 1
LN2: 1 7 5 2
LN3: 2 2 0 3
LN4: 3 7 5 4

ROOT: 1819
LN0: 9 7 5 8
LN1: 0 2 0 9
LN2: 1 7 5 0
LN3: 2 2 0 1
LN4: 3 7 5 2

ROOT: 1831
LN0: 9 7 7 0
LN1: 0 2 2 1
LN2: 1 7 7 2
LN3: 2 2 2 3
LN4: 3 7 7 4

ROOT: 1839
LN0: 9 7 7 8
LN1: 0 2 2 9
LN2: 1 7 7 0
LN3: 2 2 2 1
LN4: 3 7 7 2

ROOT: 1851
LN0: 9 7 9 0
LN1: 0 2 4 1
LN2: 1 7 9 2
LN3: 2 2 4 3
LN4: 3 7 9 4

ROOT: 1859
LN0: 9 7 9 8
LN1: 0 2 4 9
LN2: 1 7 9 0
LN3: 2 2 4 1
LN4: 3 7 9 2

ROOT: 2100
LN0: 0 0 4 9
LN1: 1 5 9 0
LN2: 2 0 4 1
LN3: 3 5 9 2
LN4: 4 0 4 3

ROOT: 2102
LN0: 0 0 4 1
LN1: 1 5 9 2
LN2: 2 0 4 3
LN3: 3 5 9 4
LN4: 4 0 4 5

ROOT: 2160
LN0: 0 0 0 9
LN1: 1 5 5 0
LN2: 2 0 0 1
LN3: 3 5 5 2
LN4: 4 0 0 3

ROOT: 2162
LN0: 0 0 0 1
LN1: 1 5 5 2
LN2: 2 0 0 3
LN3: 3 5 5 4
LN4: 4 0 0 5

ROOT: 2180
LN0: 0 0 2 9
LN1: 1 5 7 0
LN2: 2 0 2 1
LN3: 3 5 7 2
LN4: 4 0 2 3

ROOT: 2182
LN0: 0 0 2 1
LN1: 1 5 7 2
LN2: 2 0 2 3
LN3: 3 5 7 4
LN4: 4 0 2 5

ROOT: 2300
LN0: 0 2 4 9
LN1: 1 7 9 0
LN2: 2 2 4 1
LN3: 3 7 9 2
LN4: 4 2 4 3

ROOT: 2302
LN0: 0 2 4 1
LN1: 1 7 9 2
LN2: 2 2 4 3
LN3: 3 7 9 4
LN4: 4 2 4 5

ROOT: 2360
LN0: 0 2 0 9
LN1: 1 7 5 0
LN2: 2 2 0 1
LN3: 3 7 5 2
LN4: 4 2 0 3

ROOT: 2362
LN0: 0 2 0 1
LN1: 1 7 5 2
LN2: 2 2 0 3
LN3: 3 7 5 4
LN4: 4 2 0 5

ROOT: 2380
LN0: 0 2 2 9
LN1: 1 7 7 0
LN2: 2 2 2 1
LN3: 3 7 7 2
LN4: 4 2 2 3

ROOT: 2382
LN0: 0 2 2 1
LN1: 1 7 7 2
LN2: 2 2 2 3
LN3: 3 7 7 4
LN4: 4 2 2 5

ROOT: 2520
LN0: 0 4 6 9
LN1: 1 9 1 0
LN2: 2 4 6 1
LN3: 3 9 1 2
LN4: 4 4 6 3

ROOT: 2522
LN0: 0 4 6 1
LN1: 1 9 1 2
LN2: 2 4 6 3
LN3: 3 9 1 4
LN4: 4 4 6 5

ROOT: 2540
LN0: 0 4 8 9
LN1: 1 9 3 0
LN2: 2 4 8 1
LN3: 3 9 3 2
LN4: 4 4 8 3

ROOT: 2542
LN0: 0 4 8 1
LN1: 1 9 3 2
LN2: 2 4 8 3
LN3: 3 9 3 4
LN4: 4 4 8 5

ROOT: 2720
LN0: 0 6 6 9
LN1: 1 1 1 0
LN2: 2 6 6 1
LN3: 3 1 1 2
LN4: 4 6 6 3

ROOT: 2722
LN0: 0 6 6 1
LN1: 1 1 1 2
LN2: 2 6 6 3
LN3: 3 1 1 4
LN4: 4 6 6 5

ROOT: 2740
LN0: 0 6 8 9
LN1: 1 1 3 0
LN2: 2 6 8 1
LN3: 3 1 3 2
LN4: 4 6 8 3

ROOT: 2742
LN0: 0 6 8 1
LN1: 1 1 3 2
LN2: 2 6 8 3
LN3: 3 1 3 4
LN4: 4 6 8 5

ROOT: 2920
LN0: 0 8 6 9
LN1: 1 3 1 0
LN2: 2 8 6 1
LN3: 3 3 1 2
LN4: 4 8 6 3

ROOT: 2922
LN0: 0 8 6 1
LN1: 1 3 1 2
LN2: 2 8 6 3
LN3: 3 3 1 4
LN4: 4 8 6 5

ROOT: 2940
LN0: 0 8 8 9
LN1: 1 3 3 0
LN2: 2 8 8 1
LN3: 3 3 3 2
LN4: 4 8 8 3

ROOT: 2942
LN0: 0 8 8 1
LN1: 1 3 3 2
LN2: 2 8 8 3
LN3: 3 3 3 4
LN4: 4 8 8 5

ROOT: 3071
LN0: 1 9 1 0
LN1: 2 4 6 1
LN2: 3 9 1 2
LN3: 4 4 6 3
LN4: 5 9 1 4

ROOT: 3077
LN0: 1 9 1 6
LN1: 2 4 6 7
LN2: 3 9 1 8
LN3: 4 4 6 9
LN4: 5 9 1 0

ROOT: 3091
LN0: 1 9 3 0
LN1: 2 4 8 1
LN2: 3 9 3 2
LN3: 4 4 8 3
LN4: 5 9 3 4

ROOT: 3097
LN0: 1 9 3 6
LN1: 2 4 8 7
LN2: 3 9 3 8
LN3: 4 4 8 9
LN4: 5 9 3 0

ROOT: 3271
LN0: 1 1 1 0
LN1: 2 6 6 1
LN2: 3 1 1 2
LN3: 4 6 6 3
LN4: 5 1 1 4

ROOT: 3277
LN0: 1 1 1 6
LN1: 2 6 6 7
LN2: 3 1 1 8
LN3: 4 6 6 9
LN4: 5 1 1 0

ROOT: 3291
LN0: 1 1 3 0
LN1: 2 6 8 1
LN2: 3 1 3 2
LN3: 4 6 8 3
LN4: 5 1 3 4

ROOT: 3297
LN0: 1 1 3 6
LN1: 2 6 8 7
LN2: 3 1 3 8
LN3: 4 6 8 9
LN4: 5 1 3 0

ROOT: 3471
LN0: 1 3 1 0
LN1: 2 8 6 1
LN2: 3 3 1 2
LN3: 4 8 6 3
LN4: 5 3 1 4

ROOT: 3477
LN0: 1 3 1 6
LN1: 2 8 6 7
LN2: 3 3 1 8
LN3: 4 8 6 9
LN4: 5 3 1 0

ROOT: 3491
LN0: 1 3 3 0
LN1: 2 8 8 1
LN2: 3 3 3 2
LN3: 4 8 8 3
LN4: 5 3 3 4

ROOT: 3497
LN0: 1 3 3 6
LN1: 2 8 8 7
LN2: 3 3 3 8
LN3: 4 8 8 9
LN4: 5 3 3 0

ROOT: 3611
LN0: 1 5 5 0
LN1: 2 0 0 1
LN2: 3 5 5 2
LN3: 4 0 0 3
LN4: 5 5 5 4

ROOT: 3617
LN0: 1 5 5 6
LN1: 2 0 0 7
LN2: 3 5 5 8
LN3: 4 0 0 9
LN4: 5 5 5 0

ROOT: 3631
LN0: 1 5 7 0
LN1: 2 0 2 1
LN2: 3 5 7 2
LN3: 4 0 2 3
LN4: 5 5 7 4

ROOT: 3637
LN0: 1 5 7 6
LN1: 2 0 2 7
LN2: 3 5 7 8
LN3: 4 0 2 9
LN4: 5 5 7 0

ROOT: 3651
LN0: 1 5 9 0
LN1: 2 0 4 1
LN2: 3 5 9 2
LN3: 4 0 4 3
LN4: 5 5 9 4

ROOT: 3657
LN0: 1 5 9 6
LN1: 2 0 4 7
LN2: 3 5 9 8
LN3: 4 0 4 9
LN4: 5 5 9 0

ROOT: 3811
LN0: 1 7 5 0
LN1: 2 2 0 1
LN2: 3 7 5 2
LN3: 4 2 0 3
LN4: 5 7 5 4

ROOT: 3817
LN0: 1 7 5 6
LN1: 2 2 0 7
LN2: 3 7 5 8
LN3: 4 2 0 9
LN4: 5 7 5 0

ROOT: 3831
LN0: 1 7 7 0
LN1: 2 2 2 1
LN2: 3 7 7 2
LN3: 4 2 2 3
LN4: 5 7 7 4

ROOT: 3837
LN0: 1 7 7 6
LN1: 2 2 2 7
LN2: 3 7 7 8
LN3: 4 2 2 9
LN4: 5 7 7 0

ROOT: 3851
LN0: 1 7 9 0
LN1: 2 2 4 1
LN2: 3 7 9 2
LN3: 4 2 4 3
LN4: 5 7 9 4

ROOT: 3857
LN0: 1 7 9 6
LN1: 2 2 4 7
LN2: 3 7 9 8
LN3: 4 2 4 9
LN4: 5 7 9 0

ROOT: 4102
LN0: 2 0 4 1
LN1: 3 5 9 2
LN2: 4 0 4 3
LN3: 5 5 9 4
LN4: 6 0 4 5

ROOT: 4108
LN0: 2 0 4 7
LN1: 3 5 9 8
LN2: 4 0 4 9
LN3: 5 5 9 0
LN4: 6 0 4 1

ROOT: 4162
LN0: 2 0 0 1
LN1: 3 5 5 2
LN2: 4 0 0 3
LN3: 5 5 5 4
LN4: 6 0 0 5

ROOT: 4168
LN0: 2 0 0 7
LN1: 3 5 5 8
LN2: 4 0 0 9
LN3: 5 5 5 0
LN4: 6 0 0 1

ROOT: 4182
LN0: 2 0 2 1
LN1: 3 5 7 2
LN2: 4 0 2 3
LN3: 5 5 7 4
LN4: 6 0 2 5

ROOT: 4188
LN0: 2 0 2 7
LN1: 3 5 7 8
LN2: 4 0 2 9
LN3: 5 5 7 0
LN4: 6 0 2 1

ROOT: 4302
LN0: 2 2 4 1
LN1: 3 7 9 2
LN2: 4 2 4 3
LN3: 5 7 9 4
LN4: 6 2 4 5

ROOT: 4308
LN0: 2 2 4 7
LN1: 3 7 9 8
LN2: 4 2 4 9
LN3: 5 7 9 0
LN4: 6 2 4 1

ROOT: 4362
LN0: 2 2 0 1
LN1: 3 7 5 2
LN2: 4 2 0 3
LN3: 5 7 5 4
LN4: 6 2 0 5

ROOT: 4368
LN0: 2 2 0 7
LN1: 3 7 5 8
LN2: 4 2 0 9
LN3: 5 7 5 0
LN4: 6 2 0 1

ROOT: 4382
LN0: 2 2 2 1
LN1: 3 7 7 2
LN2: 4 2 2 3
LN3: 5 7 7 4
LN4: 6 2 2 5

ROOT: 4388
LN0: 2 2 2 7
LN1: 3 7 7 8
LN2: 4 2 2 9
LN3: 5 7 7 0
LN4: 6 2 2 1

ROOT: 4522
LN0: 2 4 6 1
LN1: 3 9 1 2
LN2: 4 4 6 3
LN3: 5 9 1 4
LN4: 6 4 6 5

ROOT: 4528
LN0: 2 4 6 7
LN1: 3 9 1 8
LN2: 4 4 6 9
LN3: 5 9 1 0
LN4: 6 4 6 1

ROOT: 4542
LN0: 2 4 8 1
LN1: 3 9 3 2
LN2: 4 4 8 3
LN3: 5 9 3 4
LN4: 6 4 8 5

ROOT: 4548
LN0: 2 4 8 7
LN1: 3 9 3 8
LN2: 4 4 8 9
LN3: 5 9 3 0
LN4: 6 4 8 1

ROOT: 4722
LN0: 2 6 6 1
LN1: 3 1 1 2
LN2: 4 6 6 3
LN3: 5 1 1 4
LN4: 6 6 6 5

ROOT: 4728
LN0: 2 6 6 7
LN1: 3 1 1 8
LN2: 4 6 6 9
LN3: 5 1 1 0
LN4: 6 6 6 1

ROOT: 4742
LN0: 2 6 8 1
LN1: 3 1 3 2
LN2: 4 6 8 3
LN3: 5 1 3 4
LN4: 6 6 8 5

ROOT: 4748
LN0: 2 6 8 7
LN1: 3 1 3 8
LN2: 4 6 8 9
LN3: 5 1 3 0
LN4: 6 6 8 1

ROOT: 4922
LN0: 2 8 6 1
LN1: 3 3 1 2
LN2: 4 8 6 3
LN3: 5 3 1 4
LN4: 6 8 6 5

ROOT: 4928
LN0: 2 8 6 7
LN1: 3 3 1 8
LN2: 4 8 6 9
LN3: 5 3 1 0
LN4: 6 8 6 1

ROOT: 4942
LN0: 2 8 8 1
LN1: 3 3 3 2
LN2: 4 8 8 3
LN3: 5 3 3 4
LN4: 6 8 8 5

ROOT: 4948
LN0: 2 8 8 7
LN1: 3 3 3 8
LN2: 4 8 8 9
LN3: 5 3 3 0
LN4: 6 8 8 1

ROOT: 5077
LN0: 3 9 1 6
LN1: 4 4 6 7
LN2: 5 9 1 8
LN3: 6 4 6 9
LN4: 7 9 1 0

ROOT: 5079
LN0: 3 9 1 8
LN1: 4 4 6 9
LN2: 5 9 1 0
LN3: 6 4 6 1
LN4: 7 9 1 2

ROOT: 5097
LN0: 3 9 3 6
LN1: 4 4 8 7
LN2: 5 9 3 8
LN3: 6 4 8 9
LN4: 7 9 3 0

ROOT: 5099
LN0: 3 9 3 8
LN1: 4 4 8 9
LN2: 5 9 3 0
LN3: 6 4 8 1
LN4: 7 9 3 2

ROOT: 5277
LN0: 3 1 1 6
LN1: 4 6 6 7
LN2: 5 1 1 8
LN3: 6 6 6 9
LN4: 7 1 1 0

ROOT: 5279
LN0: 3 1 1 8
LN1: 4 6 6 9
LN2: 5 1 1 0
LN3: 6 6 6 1
LN4: 7 1 1 2

ROOT: 5297
LN0: 3 1 3 6
LN1: 4 6 8 7
LN2: 5 1 3 8
LN3: 6 6 8 9
LN4: 7 1 3 0

ROOT: 5299
LN0: 3 1 3 8
LN1: 4 6 8 9
LN2: 5 1 3 0
LN3: 6 6 8 1
LN4: 7 1 3 2

ROOT: 5477
LN0: 3 3 1 6
LN1: 4 8 6 7
LN2: 5 3 1 8
LN3: 6 8 6 9
LN4: 7 3 1 0

ROOT: 5479
LN0: 3 3 1 8
LN1: 4 8 6 9
LN2: 5 3 1 0
LN3: 6 8 6 1
LN4: 7 3 1 2

ROOT: 5497
LN0: 3 3 3 6
LN1: 4 8 8 7
LN2: 5 3 3 8
LN3: 6 8 8 9
LN4: 7 3 3 0

ROOT: 5499
LN0: 3 3 3 8
LN1: 4 8 8 9
LN2: 5 3 3 0
LN3: 6 8 8 1
LN4: 7 3 3 2

ROOT: 5617
LN0: 3 5 5 6
LN1: 4 0 0 7
LN2: 5 5 5 8
LN3: 6 0 0 9
LN4: 7 5 5 0

ROOT: 5619
LN0: 3 5 5 8
LN1: 4 0 0 9
LN2: 5 5 5 0
LN3: 6 0 0 1
LN4: 7 5 5 2

ROOT: 5637
LN0: 3 5 7 6
LN1: 4 0 2 7
LN2: 5 5 7 8
LN3: 6 0 2 9
LN4: 7 5 7 0

ROOT: 5639
LN0: 3 5 7 8
LN1: 4 0 2 9
LN2: 5 5 7 0
LN3: 6 0 2 1
LN4: 7 5 7 2

ROOT: 5657
LN0: 3 5 9 6
LN1: 4 0 4 7
LN2: 5 5 9 8
LN3: 6 0 4 9
LN4: 7 5 9 0

ROOT: 5659
LN0: 3 5 9 8
LN1: 4 0 4 9
LN2: 5 5 9 0
LN3: 6 0 4 1
LN4: 7 5 9 2

ROOT: 5817
LN0: 3 7 5 6
LN1: 4 2 0 7
LN2: 5 7 5 8
LN3: 6 2 0 9
LN4: 7 7 5 0

ROOT: 5819
LN0: 3 7 5 8
LN1: 4 2 0 9
LN2: 5 7 5 0
LN3: 6 2 0 1
LN4: 7 7 5 2

ROOT: 5837
LN0: 3 7 7 6
LN1: 4 2 2 7
LN2: 5 7 7 8
LN3: 6 2 2 9
LN4: 7 7 7 0

ROOT: 5839
LN0: 3 7 7 8
LN1: 4 2 2 9
LN2: 5 7 7 0
LN3: 6 2 2 1
LN4: 7 7 7 2

ROOT: 5857
LN0: 3 7 9 6
LN1: 4 2 4 7
LN2: 5 7 9 8
LN3: 6 2 4 9
LN4: 7 7 9 0

ROOT: 5859
LN0: 3 7 9 8
LN1: 4 2 4 9
LN2: 5 7 9 0
LN3: 6 2 4 1
LN4: 7 7 9 2

ROOT: 6100
LN0: 4 0 4 9
LN1: 5 5 9 0
LN2: 6 0 4 1
LN3: 7 5 9 2
LN4: 8 0 4 3

ROOT: 6108
LN0: 4 0 4 7
LN1: 5 5 9 8
LN2: 6 0 4 9
LN3: 7 5 9 0
LN4: 8 0 4 1

ROOT: 6160
LN0: 4 0 0 9
LN1: 5 5 5 0
LN2: 6 0 0 1
LN3: 7 5 5 2
LN4: 8 0 0 3

ROOT: 6168
LN0: 4 0 0 7
LN1: 5 5 5 8
LN2: 6 0 0 9
LN3: 7 5 5 0
LN4: 8 0 0 1

ROOT: 6180
LN0: 4 0 2 9
LN1: 5 5 7 0
LN2: 6 0 2 1
LN3: 7 5 7 2
LN4: 8 0 2 3

ROOT: 6188
LN0: 4 0 2 7
LN1: 5 5 7 8
LN2: 6 0 2 9
LN3: 7 5 7 0
LN4: 8 0 2 1

ROOT: 6300
LN0: 4 2 4 9
LN1: 5 7 9 0
LN2: 6 2 4 1
LN3: 7 7 9 2
LN4: 8 2 4 3

ROOT: 6308
LN0: 4 2 4 7
LN1: 5 7 9 8
LN2: 6 2 4 9
LN3: 7 7 9 0
LN4: 8 2 4 1

ROOT: 6360
LN0: 4 2 0 9
LN1: 5 7 5 0
LN2: 6 2 0 1
LN3: 7 7 5 2
LN4: 8 2 0 3

ROOT: 6368
LN0: 4 2 0 7
LN1: 5 7 5 8
LN2: 6 2 0 9
LN3: 7 7 5 0
LN4: 8 2 0 1

ROOT: 6380
LN0: 4 2 2 9
LN1: 5 7 7 0
LN2: 6 2 2 1
LN3: 7 7 7 2
LN4: 8 2 2 3

ROOT: 6388
LN0: 4 2 2 7
LN1: 5 7 7 8
LN2: 6 2 2 9
LN3: 7 7 7 0
LN4: 8 2 2 1

ROOT: 6520
LN0: 4 4 6 9
LN1: 5 9 1 0
LN2: 6 4 6 1
LN3: 7 9 1 2
LN4: 8 4 6 3

ROOT: 6528
LN0: 4 4 6 7
LN1: 5 9 1 8
LN2: 6 4 6 9
LN3: 7 9 1 0
LN4: 8 4 6 1

ROOT: 6540
LN0: 4 4 8 9
LN1: 5 9 3 0
LN2: 6 4 8 1
LN3: 7 9 3 2
LN4: 8 4 8 3

ROOT: 6548
LN0: 4 4 8 7
LN1: 5 9 3 8
LN2: 6 4 8 9
LN3: 7 9 3 0
LN4: 8 4 8 1

ROOT: 6720
LN0: 4 6 6 9
LN1: 5 1 1 0
LN2: 6 6 6 1
LN3: 7 1 1 2
LN4: 8 6 6 3

ROOT: 6728
LN0: 4 6 6 7
LN1: 5 1 1 8
LN2: 6 6 6 9
LN3: 7 1 1 0
LN4: 8 6 6 1

ROOT: 6740
LN0: 4 6 8 9
LN1: 5 1 3 0
LN2: 6 6 8 1
LN3: 7 1 3 2
LN4: 8 6 8 3

ROOT: 6748
LN0: 4 6 8 7
LN1: 5 1 3 8
LN2: 6 6 8 9
LN3: 7 1 3 0
LN4: 8 6 8 1

ROOT: 6920
LN0: 4 8 6 9
LN1: 5 3 1 0
LN2: 6 8 6 1
LN3: 7 3 1 2
LN4: 8 8 6 3

ROOT: 6928
LN0: 4 8 6 7
LN1: 5 3 1 8
LN2: 6 8 6 9
LN3: 7 3 1 0
LN4: 8 8 6 1

ROOT: 6940
LN0: 4 8 8 9
LN1: 5 3 3 0
LN2: 6 8 8 1
LN3: 7 3 3 2
LN4: 8 8 8 3

ROOT: 6948
LN0: 4 8 8 7
LN1: 5 3 3 8
LN2: 6 8 8 9
LN3: 7 3 3 0
LN4: 8 8 8 1

