NS 360
ROOT 0017
UHF -1,-9,-1,5
LHF -4,-3,3,7
PHF -6,-4,7,-3
ROOT 0033
UHF -1,-9,-1,5
LHF -4,-3,3,7
PHF -6,-4,7,-3
ROOT 0035
UHF -1,-9,-1,5
LHF -4,-3,3,7
PHF -6,-4,7,-3
ROOT 0039
UHF -1,-9,-1,5
LHF -4,-3,3,7
PHF -6,-4,7,-3
ROOT 0057
UHF -1,-9,-1,5
LHF -4,-3,3,7
PHF -6,-4,7,-3
ROOT 0097
UHF -1,-9,-1,5
LHF -4,-3,3,7
PHF -6,-4,7,-3
ROOT 0116
UHF -1,-9,-1,5
LHF -4,-3,3,7
PHF -6,-4,7,-3
ROOT 0121
UHF -1,-9,-1,5
LHF -4,-3,3,7
PHF -6,-4,7,-3
ROOT 0123
UHF -1,-9,-1,5
LHF -4,-3,3,7
PHF -6,-4,7,-3
ROOT 0125
UHF -1,-9,-1,5
LHF -4,-3,3,7
PHF -6,-4,7,-3
ROOT 0129
UHF -1,-9,-1,5
LHF -4,-3,3,7
PHF -6,-4,7,-3
ROOT 0156
UHF -1,-9,-1,5
LHF -4,-3,3,7
PHF -6,-4,7,-3
ROOT 0176
UHF -1,-9,-1,5
LHF -4,-3,3,7
PHF -6,-4,7,-3
ROOT 0196
UHF -1,-9,-1,5
LHF -4,-3,3,7
PHF -6,-4,7,-3
ROOT 0220
UHF -1,-9,-1,5
LHF -4,-3,3,7
PHF -6,-4,7,-3
ROOT 0222
UHF -1,-9,-1,5
LHF -4,-3,3,7
PHF -6,-4,7,-3
ROOT 0266
UHF -1,-9,-1,5
LHF -4,-3,3,7
PHF -6,-4,7,-3
ROOT 0286
UHF -1,-9,-1,5
LHF -4,-3,3,7
PHF -6,-4,7,-3
ROOT 0428
UHF -1,-9,-1,5
LHF -4,-3,3,7
PHF -6,-4,7,-3
ROOT 0446
UHF -1,-9,-1,5
LHF -4,-3,3,7
PHF -6,-4,7,-3
ROOT 0518
UHF -1,-9,-1,5
LHF -4,-3,3,7
PHF -6,-4,7,-3
ROOT 0545
UHF -1,-9,-1,5
LHF -4,-3,3,7
PHF -6,-4,7,-3
ROOT 0927
UHF -1,-9,-1,5
LHF -4,-3,3,7
PHF -6,-4,7,-3
ROOT 0932
UHF -1,-9,-1,5
LHF -4,-3,3,7
PHF -6,-4,7,-3
ROOT 0936
UHF -1,-9,-1,5
LHF -4,-3,3,7
PHF -6,-4,7,-3
ROOT 0938
UHF -1,-9,-1,5
LHF -4,-3,3,7
PHF -6,-4,7,-3
ROOT 0947
UHF -1,-9,-1,5
LHF -4,-3,3,7
PHF -6,-4,7,-3
ROOT 0987
UHF -1,-9,-1,5
LHF -4,-3,3,7
PHF -6,-4,7,-3
ROOT 1007
UHF -1,-9,-1,5
LHF -4,-3,3,7
PHF -6,-4,7,-3
ROOT 1030
UHF -1,-9,-1,5
LHF -4,-3,3,7
PHF -6,-4,7,-3
ROOT 1032
UHF -1,-9,-1,5
LHF -4,-3,3,7
PHF -6,-4,7,-3
ROOT 1034
UHF -1,-9,-1,5
LHF -4,-3,3,7
PHF -6,-4,7,-3
ROOT 1038
UHF -1,-9,-1,5
LHF -4,-3,3,7
PHF -6,-4,7,-3
ROOT 1047
UHF -1,-9,-1,5
LHF -4,-3,3,7
PHF -6,-4,7,-3
ROOT 1067
UHF -1,-9,-1,5
LHF -4,-3,3,7
PHF -6,-4,7,-3
ROOT 1087
UHF -1,-9,-1,5
LHF -4,-3,3,7
PHF -6,-4,7,-3
ROOT 1106
UHF -1,-9,-1,5
LHF -4,-3,3,7
PHF -6,-4,7,-3
ROOT 1120
UHF -1,-9,-1,5
LHF -4,-3,3,7
PHF -6,-4,7,-3
ROOT 1124
UHF -1,-9,-1,5
LHF -4,-3,3,7
PHF -6,-4,7,-3
ROOT 1128
UHF -1,-9,-1,5
LHF -4,-3,3,7
PHF -6,-4,7,-3
ROOT 1146
UHF -1,-9,-1,5
LHF -4,-3,3,7
PHF -6,-4,7,-3
ROOT 1166
UHF -1,-9,-1,5
LHF -4,-3,3,7
PHF -6,-4,7,-3
ROOT 1221
UHF -1,-9,-1,5
LHF -4,-3,3,7
PHF -6,-4,7,-3
ROOT 1227
UHF -1,-9,-1,5
LHF -4,-3,3,7
PHF -6,-4,7,-3
ROOT 1229
UHF -1,-9,-1,5
LHF -4,-3,3,7
PHF -6,-4,7,-3
ROOT 1236
UHF -1,-9,-1,5
LHF -4,-3,3,7
PHF -6,-4,7,-3
ROOT 1256
UHF -1,-9,-1,5
LHF -4,-3,3,7
PHF -6,-4,7,-3
ROOT 1276
UHF -1,-9,-1,5
LHF -4,-3,3,7
PHF -6,-4,7,-3
ROOT 1328
UHF -1,-9,-1,5
LHF -4,-3,3,7
PHF -6,-4,7,-3
ROOT 1346
UHF -1,-9,-1,5
LHF -4,-3,3,7
PHF -6,-4,7,-3
ROOT 1508
UHF -1,-9,-1,5
LHF -4,-3,3,7
PHF -6,-4,7,-3
ROOT 1540
UHF -1,-9,-1,5
LHF -4,-3,3,7
PHF -6,-4,7,-3
ROOT 1542
UHF -1,-9,-1,5
LHF -4,-3,3,7
PHF -6,-4,7,-3
ROOT 1544
UHF -1,-9,-1,5
LHF -4,-3,3,7
PHF -6,-4,7,-3
ROOT 1568
UHF -1,-9,-1,5
LHF -4,-3,3,7
PHF -6,-4,7,-3
ROOT 1588
UHF -1,-9,-1,5
LHF -4,-3,3,7
PHF -6,-4,7,-3
ROOT 1641
UHF -1,-9,-1,5
LHF -4,-3,3,7
PHF -6,-4,7,-3
ROOT 1643
UHF -1,-9,-1,5
LHF -4,-3,3,7
PHF -6,-4,7,-3
ROOT 1649
UHF -1,-9,-1,5
LHF -4,-3,3,7
PHF -6,-4,7,-3
ROOT 1658
UHF -1,-9,-1,5
LHF -4,-3,3,7
PHF -6,-4,7,-3
ROOT 1678
UHF -1,-9,-1,5
LHF -4,-3,3,7
PHF -6,-4,7,-3
ROOT 1698
UHF -1,-9,-1,5
LHF -4,-3,3,7
PHF -6,-4,7,-3
ROOT 1731
UHF -1,-9,-1,5
LHF -4,-3,3,7
PHF -6,-4,7,-3
ROOT 1739
UHF -1,-9,-1,5
LHF -4,-3,3,7
PHF -6,-4,7,-3
ROOT 1757
UHF -1,-9,-1,5
LHF -4,-3,3,7
PHF -6,-4,7,-3
ROOT 1777
UHF -1,-9,-1,5
LHF -4,-3,3,7
PHF -6,-4,7,-3
ROOT 1827
UHF -1,-9,-1,5
LHF -4,-3,3,7
PHF -6,-4,7,-3
ROOT 1830
UHF -1,-9,-1,5
LHF -4,-3,3,7
PHF -6,-4,7,-3
ROOT 1832
UHF -1,-9,-1,5
LHF -4,-3,3,7
PHF -6,-4,7,-3
ROOT 1836
UHF -1,-9,-1,5
LHF -4,-3,3,7
PHF -6,-4,7,-3
ROOT 1838
UHF -1,-9,-1,5
LHF -4,-3,3,7
PHF -6,-4,7,-3
ROOT 1847
UHF -1,-9,-1,5
LHF -4,-3,3,7
PHF -6,-4,7,-3
ROOT 1867
UHF -1,-9,-1,5
LHF -4,-3,3,7
PHF -6,-4,7,-3
ROOT 1887
UHF -1,-9,-1,5
LHF -4,-3,3,7
PHF -6,-4,7,-3
ROOT 2101
UHF -1,-9,-1,5
LHF -4,-3,3,7
PHF -6,-4,7,-3
ROOT 2103
UHF -1,-9,-1,5
LHF -4,-3,3,7
PHF -6,-4,7,-3
ROOT 2105
UHF -1,-9,-1,5
LHF -4,-3,3,7
PHF -6,-4,7,-3
ROOT 2109
UHF -1,-9,-1,5
LHF -4,-3,3,7
PHF -6,-4,7,-3
ROOT 2110
UHF -1,-9,-1,5
LHF -4,-3,3,7
PHF -6,-4,7,-3
ROOT 2114
UHF -1,-9,-1,5
LHF -4,-3,3,7
PHF -6,-4,7,-3
ROOT 2118
UHF -1,-9,-1,5
LHF -4,-3,3,7
PHF -6,-4,7,-3
ROOT 2141
UHF -1,-9,-1,5
LHF -4,-3,3,7
PHF -6,-4,7,-3
ROOT 2143
UHF -1,-9,-1,5
LHF -4,-3,3,7
PHF -6,-4,7,-3
ROOT 2145
UHF -1,-9,-1,5
LHF -4,-3,3,7
PHF -6,-4,7,-3
ROOT 2149
UHF -1,-9,-1,5
LHF -4,-3,3,7
PHF -6,-4,7,-3
ROOT 2150
UHF -1,-9,-1,5
LHF -4,-3,3,7
PHF -6,-4,7,-3
ROOT 2154
UHF -1,-9,-1,5
LHF -4,-3,3,7
PHF -6,-4,7,-3
ROOT 2158
UHF -1,-9,-1,5
LHF -4,-3,3,7
PHF -6,-4,7,-3
ROOT 2161
UHF -1,-9,-1,5
LHF -4,-3,3,7
PHF -6,-4,7,-3
ROOT 2163
UHF -1,-9,-1,5
LHF -4,-3,3,7
PHF -6,-4,7,-3
ROOT 2165
UHF -1,-9,-1,5
LHF -4,-3,3,7
PHF -6,-4,7,-3
ROOT 2169
UHF -1,-9,-1,5
LHF -4,-3,3,7
PHF -6,-4,7,-3
ROOT 2170
UHF -1,-9,-1,5
LHF -4,-3,3,7
PHF -6,-4,7,-3
ROOT 2174
UHF -1,-9,-1,5
LHF -4,-3,3,7
PHF -6,-4,7,-3
ROOT 2178
UHF -1,-9,-1,5
LHF -4,-3,3,7
PHF -6,-4,7,-3
ROOT 2190
UHF -1,-9,-1,5
LHF -4,-3,3,7
PHF -6,-4,7,-3
ROOT 2194
UHF -1,-9,-1,5
LHF -4,-3,3,7
PHF -6,-4,7,-3
ROOT 2198
UHF -1,-9,-1,5
LHF -4,-3,3,7
PHF -6,-4,7,-3
ROOT 2200
UHF -1,-9,-1,5
LHF -4,-3,3,7
PHF -6,-4,7,-3
ROOT 2202
UHF -1,-9,-1,5
LHF -4,-3,3,7
PHF -6,-4,7,-3
ROOT 2211
UHF -1,-9,-1,5
LHF -4,-3,3,7
PHF -6,-4,7,-3
ROOT 2217
UHF -1,-9,-1,5
LHF -4,-3,3,7
PHF -6,-4,7,-3
ROOT 2219
UHF -1,-9,-1,5
LHF -4,-3,3,7
PHF -6,-4,7,-3
ROOT 2231
UHF -1,-9,-1,5
LHF -4,-3,3,7
PHF -6,-4,7,-3
ROOT 2235
UHF -1,-9,-1,5
LHF -4,-3,3,7
PHF -6,-4,7,-3
ROOT 2239
UHF -1,-9,-1,5
LHF -4,-3,3,7
PHF -6,-4,7,-3
ROOT 2251
UHF -1,-9,-1,5
LHF -4,-3,3,7
PHF -6,-4,7,-3
ROOT 2255
UHF -1,-9,-1,5
LHF -4,-3,3,7
PHF -6,-4,7,-3
ROOT 2257
UHF -1,-9,-1,5
LHF -4,-3,3,7
PHF -6,-4,7,-3
ROOT 2262
UHF -1,-9,-1,5
LHF -4,-3,3,7
PHF -6,-4,7,-3
ROOT 2264
UHF -1,-9,-1,5
LHF -4,-3,3,7
PHF -6,-4,7,-3
ROOT 2275
UHF -1,-9,-1,5
LHF -4,-3,3,7
PHF -6,-4,7,-3
ROOT 2277
UHF -1,-9,-1,5
LHF -4,-3,3,7
PHF -6,-4,7,-3
ROOT 2279
UHF -1,-9,-1,5
LHF -4,-3,3,7
PHF -6,-4,7,-3
ROOT 2280
UHF -1,-9,-1,5
LHF -4,-3,3,7
PHF -6,-4,7,-3
ROOT 2284
UHF -1,-9,-1,5
LHF -4,-3,3,7
PHF -6,-4,7,-3
ROOT 2318
UHF -1,-9,-1,5
LHF -4,-3,3,7
PHF -6,-4,7,-3
ROOT 2338
UHF -1,-9,-1,5
LHF -4,-3,3,7
PHF -6,-4,7,-3
ROOT 2341
UHF -1,-9,-1,5
LHF -4,-3,3,7
PHF -6,-4,7,-3
ROOT 2343
UHF -1,-9,-1,5
LHF -4,-3,3,7
PHF -6,-4,7,-3
ROOT 2345
UHF -1,-9,-1,5
LHF -4,-3,3,7
PHF -6,-4,7,-3
ROOT 2347
UHF -1,-9,-1,5
LHF -4,-3,3,7
PHF -6,-4,7,-3
ROOT 2378
UHF -1,-9,-1,5
LHF -4,-3,3,7
PHF -6,-4,7,-3
ROOT 2398
UHF -1,-9,-1,5
LHF -4,-3,3,7
PHF -6,-4,7,-3
ROOT 2408
UHF -1,-9,-1,5
LHF -4,-3,3,7
PHF -6,-4,7,-3
ROOT 2442
UHF -1,-9,-1,5
LHF -4,-3,3,7
PHF -6,-4,7,-3
ROOT 2444
UHF -1,-9,-1,5
LHF -4,-3,3,7
PHF -6,-4,7,-3
ROOT 2488
UHF -1,-9,-1,5
LHF -4,-3,3,7
PHF -6,-4,7,-3
ROOT 2817
UHF -1,-9,-1,5
LHF -4,-3,3,7
PHF -6,-4,7,-3
ROOT 2835
UHF -1,-9,-1,5
LHF -4,-3,3,7
PHF -6,-4,7,-3
ROOT 2907
UHF -1,-9,-1,5
LHF -4,-3,3,7
PHF -6,-4,7,-3
ROOT 2932
UHF -1,-9,-1,5
LHF -4,-3,3,7
PHF -6,-4,7,-3
ROOT 2934
UHF -1,-9,-1,5
LHF -4,-3,3,7
PHF -6,-4,7,-3
ROOT 2938
UHF -1,-9,-1,5
LHF -4,-3,3,7
PHF -6,-4,7,-3
ROOT 2947
UHF -1,-9,-1,5
LHF -4,-3,3,7
PHF -6,-4,7,-3
ROOT 2987
UHF -1,-9,-1,5
LHF -4,-3,3,7
PHF -6,-4,7,-3
ROOT 3003
UHF -1,-9,-1,5
LHF -4,-3,3,7
PHF -6,-4,7,-3
ROOT 3005
UHF -1,-9,-1,5
LHF -4,-3,3,7
PHF -6,-4,7,-3
ROOT 3009
UHF -1,-9,-1,5
LHF -4,-3,3,7
PHF -6,-4,7,-3
ROOT 3010
UHF -1,-9,-1,5
LHF -4,-3,3,7
PHF -6,-4,7,-3
ROOT 3012
UHF -1,-9,-1,5
LHF -4,-3,3,7
PHF -6,-4,7,-3
ROOT 3014
UHF -1,-9,-1,5
LHF -4,-3,3,7
PHF -6,-4,7,-3
ROOT 3018
UHF -1,-9,-1,5
LHF -4,-3,3,7
PHF -6,-4,7,-3
ROOT 3043
UHF -1,-9,-1,5
LHF -4,-3,3,7
PHF -6,-4,7,-3
ROOT 3045
UHF -1,-9,-1,5
LHF -4,-3,3,7
PHF -6,-4,7,-3
ROOT 3049
UHF -1,-9,-1,5
LHF -4,-3,3,7
PHF -6,-4,7,-3
ROOT 3050
UHF -1,-9,-1,5
LHF -4,-3,3,7
PHF -6,-4,7,-3
ROOT 3052
UHF -1,-9,-1,5
LHF -4,-3,3,7
PHF -6,-4,7,-3
ROOT 3054
UHF -1,-9,-1,5
LHF -4,-3,3,7
PHF -6,-4,7,-3
ROOT 3058
UHF -1,-9,-1,5
LHF -4,-3,3,7
PHF -6,-4,7,-3
ROOT 3063
UHF -1,-9,-1,5
LHF -4,-3,3,7
PHF -6,-4,7,-3
ROOT 3065
UHF -1,-9,-1,5
LHF -4,-3,3,7
PHF -6,-4,7,-3
ROOT 3069
UHF -1,-9,-1,5
LHF -4,-3,3,7
PHF -6,-4,7,-3
ROOT 3083
UHF -1,-9,-1,5
LHF -4,-3,3,7
PHF -6,-4,7,-3
ROOT 3085
UHF -1,-9,-1,5
LHF -4,-3,3,7
PHF -6,-4,7,-3
ROOT 3089
UHF -1,-9,-1,5
LHF -4,-3,3,7
PHF -6,-4,7,-3
ROOT 3090
UHF -1,-9,-1,5
LHF -4,-3,3,7
PHF -6,-4,7,-3
ROOT 3092
UHF -1,-9,-1,5
LHF -4,-3,3,7
PHF -6,-4,7,-3
ROOT 3094
UHF -1,-9,-1,5
LHF -4,-3,3,7
PHF -6,-4,7,-3
ROOT 3098
UHF -1,-9,-1,5
LHF -4,-3,3,7
PHF -6,-4,7,-3
ROOT 3216
UHF -1,-9,-1,5
LHF -4,-3,3,7
PHF -6,-4,7,-3
ROOT 3221
UHF -1,-9,-1,5
LHF -4,-3,3,7
PHF -6,-4,7,-3
ROOT 3225
UHF -1,-9,-1,5
LHF -4,-3,3,7
PHF -6,-4,7,-3
ROOT 3229
UHF -1,-9,-1,5
LHF -4,-3,3,7
PHF -6,-4,7,-3
ROOT 3256
UHF -1,-9,-1,5
LHF -4,-3,3,7
PHF -6,-4,7,-3
ROOT 3276
UHF -1,-9,-1,5
LHF -4,-3,3,7
PHF -6,-4,7,-3
ROOT 3328
UHF -1,-9,-1,5
LHF -4,-3,3,7
PHF -6,-4,7,-3
ROOT 3346
UHF -1,-9,-1,5
LHF -4,-3,3,7
PHF -6,-4,7,-3
ROOT 3711
UHF -1,-9,-1,5
LHF -4,-3,3,7
PHF -6,-4,7,-3
ROOT 3719
UHF -1,-9,-1,5
LHF -4,-3,3,7
PHF -6,-4,7,-3
ROOT 3755
UHF -1,-9,-1,5
LHF -4,-3,3,7
PHF -6,-4,7,-3
ROOT 3775
UHF -1,-9,-1,5
LHF -4,-3,3,7
PHF -6,-4,7,-3
ROOT 3810
UHF -1,-9,-1,5
LHF -4,-3,3,7
PHF -6,-4,7,-3
ROOT 3812
UHF -1,-9,-1,5
LHF -4,-3,3,7
PHF -6,-4,7,-3
ROOT 3816
UHF -1,-9,-1,5
LHF -4,-3,3,7
PHF -6,-4,7,-3
ROOT 3818
UHF -1,-9,-1,5
LHF -4,-3,3,7
PHF -6,-4,7,-3
ROOT 3825
UHF -1,-9,-1,5
LHF -4,-3,3,7
PHF -6,-4,7,-3
ROOT 3845
UHF -1,-9,-1,5
LHF -4,-3,3,7
PHF -6,-4,7,-3
ROOT 3865
UHF -1,-9,-1,5
LHF -4,-3,3,7
PHF -6,-4,7,-3
ROOT 3885
UHF -1,-9,-1,5
LHF -4,-3,3,7
PHF -6,-4,7,-3
ROOT 3902
UHF -1,-9,-1,5
LHF -4,-3,3,7
PHF -6,-4,7,-3
ROOT 3906
UHF -1,-9,-1,5
LHF -4,-3,3,7
PHF -6,-4,7,-3
ROOT 3908
UHF -1,-9,-1,5
LHF -4,-3,3,7
PHF -6,-4,7,-3
ROOT 3922
UHF -1,-9,-1,5
LHF -4,-3,3,7
PHF -6,-4,7,-3
ROOT 3924
UHF -1,-9,-1,5
LHF -4,-3,3,7
PHF -6,-4,7,-3
ROOT 3928
UHF -1,-9,-1,5
LHF -4,-3,3,7
PHF -6,-4,7,-3
ROOT 3942
UHF -1,-9,-1,5
LHF -4,-3,3,7
PHF -6,-4,7,-3
ROOT 3944
UHF -1,-9,-1,5
LHF -4,-3,3,7
PHF -6,-4,7,-3
ROOT 3946
UHF -1,-9,-1,5
LHF -4,-3,3,7
PHF -6,-4,7,-3
ROOT 3951
UHF -1,-9,-1,5
LHF -4,-3,3,7
PHF -6,-4,7,-3
ROOT 3953
UHF -1,-9,-1,5
LHF -4,-3,3,7
PHF -6,-4,7,-3
ROOT 3973
UHF -1,-9,-1,5
LHF -4,-3,3,7
PHF -6,-4,7,-3
ROOT 3979
UHF -1,-9,-1,5
LHF -4,-3,3,7
PHF -6,-4,7,-3
ROOT 3984
UHF -1,-9,-1,5
LHF -4,-3,3,7
PHF -6,-4,7,-3
ROOT 3986
UHF -1,-9,-1,5
LHF -4,-3,3,7
PHF -6,-4,7,-3
ROOT 3988
UHF -1,-9,-1,5
LHF -4,-3,3,7
PHF -6,-4,7,-3
ROOT 3991
UHF -1,-9,-1,5
LHF -4,-3,3,7
PHF -6,-4,7,-3
ROOT 3999
UHF -1,-9,-1,5
LHF -4,-3,3,7
PHF -6,-4,7,-3
ROOT 4017
UHF -1,-9,-1,5
LHF -4,-3,3,7
PHF -6,-4,7,-3
ROOT 4033
UHF -1,-9,-1,5
LHF -4,-3,3,7
PHF -6,-4,7,-3
ROOT 4035
UHF -1,-9,-1,5
LHF -4,-3,3,7
PHF -6,-4,7,-3
ROOT 4039
UHF -1,-9,-1,5
LHF -4,-3,3,7
PHF -6,-4,7,-3
ROOT 4057
UHF -1,-9,-1,5
LHF -4,-3,3,7
PHF -6,-4,7,-3
ROOT 4097
UHF -1,-9,-1,5
LHF -4,-3,3,7
PHF -6,-4,7,-3
ROOT 4116
UHF -1,-9,-1,5
LHF -4,-3,3,7
PHF -6,-4,7,-3
ROOT 4121
UHF -1,-9,-1,5
LHF -4,-3,3,7
PHF -6,-4,7,-3
ROOT 4123
UHF -1,-9,-1,5
LHF -4,-3,3,7
PHF -6,-4,7,-3
ROOT 4125
UHF -1,-9,-1,5
LHF -4,-3,3,7
PHF -6,-4,7,-3
ROOT 4129
UHF -1,-9,-1,5
LHF -4,-3,3,7
PHF -6,-4,7,-3
ROOT 4156
UHF -1,-9,-1,5
LHF -4,-3,3,7
PHF -6,-4,7,-3
ROOT 4176
UHF -1,-9,-1,5
LHF -4,-3,3,7
PHF -6,-4,7,-3
ROOT 4196
UHF -1,-9,-1,5
LHF -4,-3,3,7
PHF -6,-4,7,-3
ROOT 4316
UHF -1,-9,-1,5
LHF -4,-3,3,7
PHF -6,-4,7,-3
ROOT 4321
UHF -1,-9,-1,5
LHF -4,-3,3,7
PHF -6,-4,7,-3
ROOT 4323
UHF -1,-9,-1,5
LHF -4,-3,3,7
PHF -6,-4,7,-3
ROOT 4325
UHF -1,-9,-1,5
LHF -4,-3,3,7
PHF -6,-4,7,-3
ROOT 4327
UHF -1,-9,-1,5
LHF -4,-3,3,7
PHF -6,-4,7,-3
ROOT 4336
UHF -1,-9,-1,5
LHF -4,-3,3,7
PHF -6,-4,7,-3
ROOT 4376
UHF -1,-9,-1,5
LHF -4,-3,3,7
PHF -6,-4,7,-3
ROOT 4396
UHF -1,-9,-1,5
LHF -4,-3,3,7
PHF -6,-4,7,-3
ROOT 4406
UHF -1,-9,-1,5
LHF -4,-3,3,7
PHF -6,-4,7,-3
ROOT 4422
UHF -1,-9,-1,5
LHF -4,-3,3,7
PHF -6,-4,7,-3
ROOT 4424
UHF -1,-9,-1,5
LHF -4,-3,3,7
PHF -6,-4,7,-3
ROOT 4486
UHF -1,-9,-1,5
LHF -4,-3,3,7
PHF -6,-4,7,-3
ROOT 4505
UHF -1,-9,-1,5
LHF -4,-3,3,7
PHF -6,-4,7,-3
ROOT 4510
UHF -1,-9,-1,5
LHF -4,-3,3,7
PHF -6,-4,7,-3
ROOT 4512
UHF -1,-9,-1,5
LHF -4,-3,3,7
PHF -6,-4,7,-3
ROOT 4514
UHF -1,-9,-1,5
LHF -4,-3,3,7
PHF -6,-4,7,-3
ROOT 4565
UHF -1,-9,-1,5
LHF -4,-3,3,7
PHF -6,-4,7,-3
ROOT 4585
UHF -1,-9,-1,5
LHF -4,-3,3,7
PHF -6,-4,7,-3
ROOT 4611
UHF -1,-9,-1,5
LHF -4,-3,3,7
PHF -6,-4,7,-3
ROOT 4613
UHF -1,-9,-1,5
LHF -4,-3,3,7
PHF -6,-4,7,-3
ROOT 4619
UHF -1,-9,-1,5
LHF -4,-3,3,7
PHF -6,-4,7,-3
ROOT 4655
UHF -1,-9,-1,5
LHF -4,-3,3,7
PHF -6,-4,7,-3
ROOT 4675
UHF -1,-9,-1,5
LHF -4,-3,3,7
PHF -6,-4,7,-3
ROOT 4695
UHF -1,-9,-1,5
LHF -4,-3,3,7
PHF -6,-4,7,-3
ROOT 4817
UHF -1,-9,-1,5
LHF -4,-3,3,7
PHF -6,-4,7,-3
ROOT 4835
UHF -1,-9,-1,5
LHF -4,-3,3,7
PHF -6,-4,7,-3
ROOT 4907
UHF -1,-9,-1,5
LHF -4,-3,3,7
PHF -6,-4,7,-3
ROOT 4927
UHF -1,-9,-1,5
LHF -4,-3,3,7
PHF -6,-4,7,-3
ROOT 4932
UHF -1,-9,-1,5
LHF -4,-3,3,7
PHF -6,-4,7,-3
ROOT 4934
UHF -1,-9,-1,5
LHF -4,-3,3,7
PHF -6,-4,7,-3
ROOT 4936
UHF -1,-9,-1,5
LHF -4,-3,3,7
PHF -6,-4,7,-3
ROOT 4987
UHF -1,-9,-1,5
LHF -4,-3,3,7
PHF -6,-4,7,-3
ROOT 5007
UHF -1,-9,-1,5
LHF -4,-3,3,7
PHF -6,-4,7,-3
ROOT 5030
UHF -1,-9,-1,5
LHF -4,-3,3,7
PHF -6,-4,7,-3
ROOT 5032
UHF -1,-9,-1,5
LHF -4,-3,3,7
PHF -6,-4,7,-3
ROOT 5034
UHF -1,-9,-1,5
LHF -4,-3,3,7
PHF -6,-4,7,-3
ROOT 5038
UHF -1,-9,-1,5
LHF -4,-3,3,7
PHF -6,-4,7,-3
ROOT 5047
UHF -1,-9,-1,5
LHF -4,-3,3,7
PHF -6,-4,7,-3
ROOT 5067
UHF -1,-9,-1,5
LHF -4,-3,3,7
PHF -6,-4,7,-3
ROOT 5087
UHF -1,-9,-1,5
LHF -4,-3,3,7
PHF -6,-4,7,-3
ROOT 5106
UHF -1,-9,-1,5
LHF -4,-3,3,7
PHF -6,-4,7,-3
ROOT 5120
UHF -1,-9,-1,5
LHF -4,-3,3,7
PHF -6,-4,7,-3
ROOT 5124
UHF -1,-9,-1,5
LHF -4,-3,3,7
PHF -6,-4,7,-3
ROOT 5128
UHF -1,-9,-1,5
LHF -4,-3,3,7
PHF -6,-4,7,-3
ROOT 5146
UHF -1,-9,-1,5
LHF -4,-3,3,7
PHF -6,-4,7,-3
ROOT 5166
UHF -1,-9,-1,5
LHF -4,-3,3,7
PHF -6,-4,7,-3
ROOT 5216
UHF -1,-9,-1,5
LHF -4,-3,3,7
PHF -6,-4,7,-3
ROOT 5221
UHF -1,-9,-1,5
LHF -4,-3,3,7
PHF -6,-4,7,-3
ROOT 5225
UHF -1,-9,-1,5
LHF -4,-3,3,7
PHF -6,-4,7,-3
ROOT 5227
UHF -1,-9,-1,5
LHF -4,-3,3,7
PHF -6,-4,7,-3
ROOT 5236
UHF -1,-9,-1,5
LHF -4,-3,3,7
PHF -6,-4,7,-3
ROOT 5276
UHF -1,-9,-1,5
LHF -4,-3,3,7
PHF -6,-4,7,-3
ROOT 5618
UHF -1,-9,-1,5
LHF -4,-3,3,7
PHF -6,-4,7,-3
ROOT 5645
UHF -1,-9,-1,5
LHF -4,-3,3,7
PHF -6,-4,7,-3
ROOT 5717
UHF -1,-9,-1,5
LHF -4,-3,3,7
PHF -6,-4,7,-3
ROOT 5735
UHF -1,-9,-1,5
LHF -4,-3,3,7
PHF -6,-4,7,-3
ROOT 5931
UHF -1,-9,-1,5
LHF -4,-3,3,7
PHF -6,-4,7,-3
ROOT 5933
UHF -1,-9,-1,5
LHF -4,-3,3,7
PHF -6,-4,7,-3
ROOT 5977
UHF -1,-9,-1,5
LHF -4,-3,3,7
PHF -6,-4,7,-3
ROOT 5997
UHF -1,-9,-1,5
LHF -4,-3,3,7
PHF -6,-4,7,-3
ROOT 6017
UHF -1,-9,-1,5
LHF -4,-3,3,7
PHF -6,-4,7,-3
ROOT 6033
UHF -1,-9,-1,5
LHF -4,-3,3,7
PHF -6,-4,7,-3
ROOT 6035
UHF -1,-9,-1,5
LHF -4,-3,3,7
PHF -6,-4,7,-3
ROOT 6039
UHF -1,-9,-1,5
LHF -4,-3,3,7
PHF -6,-4,7,-3
ROOT 6057
UHF -1,-9,-1,5
LHF -4,-3,3,7
PHF -6,-4,7,-3
ROOT 6097
UHF -1,-9,-1,5
LHF -4,-3,3,7
PHF -6,-4,7,-3
ROOT 6116
UHF -1,-9,-1,5
LHF -4,-3,3,7
PHF -6,-4,7,-3
ROOT 6121
UHF -1,-9,-1,5
LHF -4,-3,3,7
PHF -6,-4,7,-3
ROOT 6123
UHF -1,-9,-1,5
LHF -4,-3,3,7
PHF -6,-4,7,-3
ROOT 6125
UHF -1,-9,-1,5
LHF -4,-3,3,7
PHF -6,-4,7,-3
ROOT 6129
UHF -1,-9,-1,5
LHF -4,-3,3,7
PHF -6,-4,7,-3
ROOT 6156
UHF -1,-9,-1,5
LHF -4,-3,3,7
PHF -6,-4,7,-3
ROOT 6176
UHF -1,-9,-1,5
LHF -4,-3,3,7
PHF -6,-4,7,-3
ROOT 6196
UHF -1,-9,-1,5
LHF -4,-3,3,7
PHF -6,-4,7,-3
ROOT 6206
UHF -1,-9,-1,5
LHF -4,-3,3,7
PHF -6,-4,7,-3
ROOT 6222
UHF -1,-9,-1,5
LHF -4,-3,3,7
PHF -6,-4,7,-3
ROOT 6224
UHF -1,-9,-1,5
LHF -4,-3,3,7
PHF -6,-4,7,-3
ROOT 6286
UHF -1,-9,-1,5
LHF -4,-3,3,7
PHF -6,-4,7,-3
ROOT 6518
UHF -1,-9,-1,5
LHF -4,-3,3,7
PHF -6,-4,7,-3
ROOT 6545
UHF -1,-9,-1,5
LHF -4,-3,3,7
PHF -6,-4,7,-3
ROOT 6817
UHF -1,-9,-1,5
LHF -4,-3,3,7
PHF -6,-4,7,-3
ROOT 6835
UHF -1,-9,-1,5
LHF -4,-3,3,7
PHF -6,-4,7,-3
ROOT 7106
UHF -1,-9,-1,5
LHF -4,-3,3,7
PHF -6,-4,7,-3
ROOT 7120
UHF -1,-9,-1,5
LHF -4,-3,3,7
PHF -6,-4,7,-3
ROOT 7124
UHF -1,-9,-1,5
LHF -4,-3,3,7
PHF -6,-4,7,-3
ROOT 7128
UHF -1,-9,-1,5
LHF -4,-3,3,7
PHF -6,-4,7,-3
ROOT 7146
UHF -1,-9,-1,5
LHF -4,-3,3,7
PHF -6,-4,7,-3
ROOT 7166
UHF -1,-9,-1,5
LHF -4,-3,3,7
PHF -6,-4,7,-3
ROOT 7216
UHF -1,-9,-1,5
LHF -4,-3,3,7
PHF -6,-4,7,-3
ROOT 7225
UHF -1,-9,-1,5
LHF -4,-3,3,7
PHF -6,-4,7,-3
ROOT 7227
UHF -1,-9,-1,5
LHF -4,-3,3,7
PHF -6,-4,7,-3
ROOT 7229
UHF -1,-9,-1,5
LHF -4,-3,3,7
PHF -6,-4,7,-3
ROOT 7236
UHF -1,-9,-1,5
LHF -4,-3,3,7
PHF -6,-4,7,-3
ROOT 7256
UHF -1,-9,-1,5
LHF -4,-3,3,7
PHF -6,-4,7,-3
ROOT 7328
UHF -1,-9,-1,5
LHF -4,-3,3,7
PHF -6,-4,7,-3
ROOT 7346
UHF -1,-9,-1,5
LHF -4,-3,3,7
PHF -6,-4,7,-3
ROOT 7618
UHF -1,-9,-1,5
LHF -4,-3,3,7
PHF -6,-4,7,-3
ROOT 7645
UHF -1,-9,-1,5
LHF -4,-3,3,7
PHF -6,-4,7,-3
ROOT 7717
UHF -1,-9,-1,5
LHF -4,-3,3,7
PHF -6,-4,7,-3
ROOT 7735
UHF -1,-9,-1,5
LHF -4,-3,3,7
PHF -6,-4,7,-3
ROOT 7933
UHF -1,-9,-1,5
LHF -4,-3,3,7
PHF -6,-4,7,-3
ROOT 7939
UHF -1,-9,-1,5
LHF -4,-3,3,7
PHF -6,-4,7,-3
ROOT 7957
UHF -1,-9,-1,5
LHF -4,-3,3,7
PHF -6,-4,7,-3
ROOT 7997
UHF -1,-9,-1,5
LHF -4,-3,3,7
PHF -6,-4,7,-3
ROOT 8017
UHF -1,-9,-1,5
LHF -4,-3,3,7
PHF -6,-4,7,-3
ROOT 8033
UHF -1,-9,-1,5
LHF -4,-3,3,7
PHF -6,-4,7,-3
ROOT 8035
UHF -1,-9,-1,5
LHF -4,-3,3,7
PHF -6,-4,7,-3
ROOT 8039
UHF -1,-9,-1,5
LHF -4,-3,3,7
PHF -6,-4,7,-3
ROOT 8057
UHF -1,-9,-1,5
LHF -4,-3,3,7
PHF -6,-4,7,-3
ROOT 8097
UHF -1,-9,-1,5
LHF -4,-3,3,7
PHF -6,-4,7,-3
ROOT 8206
UHF -1,-9,-1,5
LHF -4,-3,3,7
PHF -6,-4,7,-3
ROOT 8220
UHF -1,-9,-1,5
LHF -4,-3,3,7
PHF -6,-4,7,-3
ROOT 8224
UHF -1,-9,-1,5
LHF -4,-3,3,7
PHF -6,-4,7,-3
ROOT 8266
UHF -1,-9,-1,5
LHF -4,-3,3,7
PHF -6,-4,7,-3
ROOT 8428
UHF -1,-9,-1,5
LHF -4,-3,3,7
PHF -6,-4,7,-3
ROOT 8446
UHF -1,-9,-1,5
LHF -4,-3,3,7
PHF -6,-4,7,-3
ROOT 8518
UHF -1,-9,-1,5
LHF -4,-3,3,7
PHF -6,-4,7,-3
ROOT 8545
UHF -1,-9,-1,5
LHF -4,-3,3,7
PHF -6,-4,7,-3
ROOT 8817
UHF -1,-9,-1,5
LHF -4,-3,3,7
PHF -6,-4,7,-3
ROOT 8835
UHF -1,-9,-1,5
LHF -4,-3,3,7
PHF -6,-4,7,-3
ROOT 8907
UHF -1,-9,-1,5
LHF -4,-3,3,7
PHF -6,-4,7,-3
ROOT 8927
UHF -1,-9,-1,5
LHF -4,-3,3,7
PHF -6,-4,7,-3
ROOT 8934
UHF -1,-9,-1,5
LHF -4,-3,3,7
PHF -6,-4,7,-3
ROOT 8936
UHF -1,-9,-1,5
LHF -4,-3,3,7
PHF -6,-4,7,-3
ROOT 8938
UHF -1,-9,-1,5
LHF -4,-3,3,7
PHF -6,-4,7,-3
ROOT 8947
UHF -1,-9,-1,5
LHF -4,-3,3,7
PHF -6,-4,7,-3
ROOT 9007
UHF -1,-9,-1,5
LHF -4,-3,3,7
PHF -6,-4,7,-3
ROOT 9030
UHF -1,-9,-1,5
LHF -4,-3,3,7
PHF -6,-4,7,-3
ROOT 9032
UHF -1,-9,-1,5
LHF -4,-3,3,7
PHF -6,-4,7,-3
ROOT 9034
UHF -1,-9,-1,5
LHF -4,-3,3,7
PHF -6,-4,7,-3
ROOT 9038
UHF -1,-9,-1,5
LHF -4,-3,3,7
PHF -6,-4,7,-3
ROOT 9047
UHF -1,-9,-1,5
LHF -4,-3,3,7
PHF -6,-4,7,-3
ROOT 9067
UHF -1,-9,-1,5
LHF -4,-3,3,7
PHF -6,-4,7,-3
ROOT 9087
UHF -1,-9,-1,5
LHF -4,-3,3,7
PHF -6,-4,7,-3
ROOT 9106
UHF -1,-9,-1,5
LHF -4,-3,3,7
PHF -6,-4,7,-3
ROOT 9120
UHF -1,-9,-1,5
LHF -4,-3,3,7
PHF -6,-4,7,-3
ROOT 9124
UHF -1,-9,-1,5
LHF -4,-3,3,7
PHF -6,-4,7,-3
ROOT 9128
UHF -1,-9,-1,5
LHF -4,-3,3,7
PHF -6,-4,7,-3
ROOT 9146
UHF -1,-9,-1,5
LHF -4,-3,3,7
PHF -6,-4,7,-3
ROOT 9166
UHF -1,-9,-1,5
LHF -4,-3,3,7
PHF -6,-4,7,-3
ROOT 9328
UHF -1,-9,-1,5
LHF -4,-3,3,7
PHF -6,-4,7,-3
ROOT 9346
UHF -1,-9,-1,5
LHF -4,-3,3,7
PHF -6,-4,7,-3
ROOT 9618
UHF -1,-9,-1,5
LHF -4,-3,3,7
PHF -6,-4,7,-3
ROOT 9645
UHF -1,-9,-1,5
LHF -4,-3,3,7
PHF -6,-4,7,-3
ROOT 9931
UHF -1,-9,-1,5
LHF -4,-3,3,7
PHF -6,-4,7,-3
ROOT 9939
UHF -1,-9,-1,5
LHF -4,-3,3,7
PHF -6,-4,7,-3
ROOT 9957
UHF -1,-9,-1,5
LHF -4,-3,3,7
PHF -6,-4,7,-3
ROOT 9977
UHF -1,-9,-1,5
LHF -4,-3,3,7
PHF -6,-4,7,-3
