NL 100
ROOT: 0 1 0 0
LN0: 7 1 0 3
LN1: 2 6 1 4
LN2: 7 1 2 5
LN3: 2 6 3 6
LN4: 7 1 4 7

ROOT: 0 1 0 4
LN0: 7 1 0 7
LN1: 2 6 1 8
LN2: 7 1 2 9
LN3: 2 6 3 0
LN4: 7 1 4 1

ROOT: 0 1 0 6
LN0: 7 1 0 9
LN1: 2 6 1 0
LN2: 7 1 2 1
LN3: 2 6 3 2
LN4: 7 1 4 3

ROOT: 0 1 0 8
LN0: 7 1 0 1
LN1: 2 6 1 2
LN2: 7 1 2 3
LN3: 2 6 3 4
LN4: 7 1 4 5

ROOT: 0 1 2 0
LN0: 7 1 2 3
LN1: 2 6 3 4
LN2: 7 1 4 5
LN3: 2 6 5 6
LN4: 7 1 6 7

ROOT: 0 1 2 2
LN0: 7 1 2 5
LN1: 2 6 3 6
LN2: 7 1 4 7
LN3: 2 6 5 8
LN4: 7 1 6 9

ROOT: 0 1 2 6
LN0: 7 1 2 9
LN1: 2 6 3 0
LN2: 7 1 4 1
LN3: 2 6 5 2
LN4: 7 1 6 3

ROOT: 0 1 2 8
LN0: 7 1 2 1
LN1: 2 6 3 2
LN2: 7 1 4 3
LN3: 2 6 5 4
LN4: 7 1 6 5

ROOT: 0 1 4 0
LN0: 7 1 4 3
LN1: 2 6 5 4
LN2: 7 1 6 5
LN3: 2 6 7 6
LN4: 7 1 8 7

ROOT: 0 1 4 2
LN0: 7 1 4 5
LN1: 2 6 5 6
LN2: 7 1 6 7
LN3: 2 6 7 8
LN4: 7 1 8 9

ROOT: 0 1 4 4
LN0: 7 1 4 7
LN1: 2 6 5 8
LN2: 7 1 6 9
LN3: 2 6 7 0
LN4: 7 1 8 1

ROOT: 0 1 4 8
LN0: 7 1 4 1
LN1: 2 6 5 2
LN2: 7 1 6 3
LN3: 2 6 7 4
LN4: 7 1 8 5

ROOT: 0 1 6 0
LN0: 7 1 6 3
LN1: 2 6 7 4
LN2: 7 1 8 5
LN3: 2 6 9 6
LN4: 7 1 0 7

ROOT: 0 1 6 2
LN0: 7 1 6 5
LN1: 2 6 7 6
LN2: 7 1 8 7
LN3: 2 6 9 8
LN4: 7 1 0 9

ROOT: 0 1 6 4
LN0: 7 1 6 7
LN1: 2 6 7 8
LN2: 7 1 8 9
LN3: 2 6 9 0
LN4: 7 1 0 1

ROOT: 0 1 6 6
LN0: 7 1 6 9
LN1: 2 6 7 0
LN2: 7 1 8 1
LN3: 2 6 9 2
LN4: 7 1 0 3

ROOT: 0 1 8 2
LN0: 7 1 8 5
LN1: 2 6 9 6
LN2: 7 1 0 7
LN3: 2 6 1 8
LN4: 7 1 2 9

ROOT: 0 1 8 4
LN0: 7 1 8 7
LN1: 2 6 9 8
LN2: 7 1 0 9
LN3: 2 6 1 0
LN4: 7 1 2 1

ROOT: 0 1 8 6
LN0: 7 1 8 9
LN1: 2 6 9 0
LN2: 7 1 0 1
LN3: 2 6 1 2
LN4: 7 1 2 3

ROOT: 0 1 8 8
LN0: 7 1 8 1
LN1: 2 6 9 2
LN2: 7 1 0 3
LN3: 2 6 1 4
LN4: 7 1 2 5

ROOT: 0 3 0 0
LN0: 7 3 0 3
LN1: 2 8 1 4
LN2: 7 3 2 5
LN3: 2 8 3 6
LN4: 7 3 4 7

ROOT: 0 3 0 4
LN0: 7 3 0 7
LN1: 2 8 1 8
LN2: 7 3 2 9
LN3: 2 8 3 0
LN4: 7 3 4 1

ROOT: 0 3 0 6
LN0: 7 3 0 9
LN1: 2 8 1 0
LN2: 7 3 2 1
LN3: 2 8 3 2
LN4: 7 3 4 3

ROOT: 0 3 0 8
LN0: 7 3 0 1
LN1: 2 8 1 2
LN2: 7 3 2 3
LN3: 2 8 3 4
LN4: 7 3 4 5

ROOT: 0 3 2 0
LN0: 7 3 2 3
LN1: 2 8 3 4
LN2: 7 3 4 5
LN3: 2 8 5 6
LN4: 7 3 6 7

ROOT: 0 3 2 2
LN0: 7 3 2 5
LN1: 2 8 3 6
LN2: 7 3 4 7
LN3: 2 8 5 8
LN4: 7 3 6 9

ROOT: 0 3 2 6
LN0: 7 3 2 9
LN1: 2 8 3 0
LN2: 7 3 4 1
LN3: 2 8 5 2
LN4: 7 3 6 3

ROOT: 0 3 2 8
LN0: 7 3 2 1
LN1: 2 8 3 2
LN2: 7 3 4 3
LN3: 2 8 5 4
LN4: 7 3 6 5

ROOT: 0 3 4 0
LN0: 7 3 4 3
LN1: 2 8 5 4
LN2: 7 3 6 5
LN3: 2 8 7 6
LN4: 7 3 8 7

ROOT: 0 3 4 2
LN0: 7 3 4 5
LN1: 2 8 5 6
LN2: 7 3 6 7
LN3: 2 8 7 8
LN4: 7 3 8 9

ROOT: 0 3 4 4
LN0: 7 3 4 7
LN1: 2 8 5 8
LN2: 7 3 6 9
LN3: 2 8 7 0
LN4: 7 3 8 1

ROOT: 0 3 4 8
LN0: 7 3 4 1
LN1: 2 8 5 2
LN2: 7 3 6 3
LN3: 2 8 7 4
LN4: 7 3 8 5

ROOT: 0 3 6 0
LN0: 7 3 6 3
LN1: 2 8 7 4
LN2: 7 3 8 5
LN3: 2 8 9 6
LN4: 7 3 0 7

ROOT: 0 3 6 2
LN0: 7 3 6 5
LN1: 2 8 7 6
LN2: 7 3 8 7
LN3: 2 8 9 8
LN4: 7 3 0 9

ROOT: 0 3 6 4
LN0: 7 3 6 7
LN1: 2 8 7 8
LN2: 7 3 8 9
LN3: 2 8 9 0
LN4: 7 3 0 1

ROOT: 0 3 6 6
LN0: 7 3 6 9
LN1: 2 8 7 0
LN2: 7 3 8 1
LN3: 2 8 9 2
LN4: 7 3 0 3

ROOT: 0 3 8 2
LN0: 7 3 8 5
LN1: 2 8 9 6
LN2: 7 3 0 7
LN3: 2 8 1 8
LN4: 7 3 2 9

ROOT: 0 3 8 4
LN0: 7 3 8 7
LN1: 2 8 9 8
LN2: 7 3 0 9
LN3: 2 8 1 0
LN4: 7 3 2 1

ROOT: 0 3 8 6
LN0: 7 3 8 9
LN1: 2 8 9 0
LN2: 7 3 0 1
LN3: 2 8 1 2
LN4: 7 3 2 3

ROOT: 0 3 8 8
LN0: 7 3 8 1
LN1: 2 8 9 2
LN2: 7 3 0 3
LN3: 2 8 1 4
LN4: 7 3 2 5

ROOT: 0 5 0 0
LN0: 7 5 0 3
LN1: 2 0 1 4
LN2: 7 5 2 5
LN3: 2 0 3 6
LN4: 7 5 4 7

ROOT: 0 5 0 4
LN0: 7 5 0 7
LN1: 2 0 1 8
LN2: 7 5 2 9
LN3: 2 0 3 0
LN4: 7 5 4 1

ROOT: 0 5 0 6
LN0: 7 5 0 9
LN1: 2 0 1 0
LN2: 7 5 2 1
LN3: 2 0 3 2
LN4: 7 5 4 3

ROOT: 0 5 0 8
LN0: 7 5 0 1
LN1: 2 0 1 2
LN2: 7 5 2 3
LN3: 2 0 3 4
LN4: 7 5 4 5

ROOT: 0 5 2 0
LN0: 7 5 2 3
LN1: 2 0 3 4
LN2: 7 5 4 5
LN3: 2 0 5 6
LN4: 7 5 6 7

ROOT: 0 5 2 2
LN0: 7 5 2 5
LN1: 2 0 3 6
LN2: 7 5 4 7
LN3: 2 0 5 8
LN4: 7 5 6 9

ROOT: 0 5 2 6
LN0: 7 5 2 9
LN1: 2 0 3 0
LN2: 7 5 4 1
LN3: 2 0 5 2
LN4: 7 5 6 3

ROOT: 0 5 2 8
LN0: 7 5 2 1
LN1: 2 0 3 2
LN2: 7 5 4 3
LN3: 2 0 5 4
LN4: 7 5 6 5

ROOT: 0 5 4 0
LN0: 7 5 4 3
LN1: 2 0 5 4
LN2: 7 5 6 5
LN3: 2 0 7 6
LN4: 7 5 8 7

ROOT: 0 5 4 2
LN0: 7 5 4 5
LN1: 2 0 5 6
LN2: 7 5 6 7
LN3: 2 0 7 8
LN4: 7 5 8 9

ROOT: 0 5 4 4
LN0: 7 5 4 7
LN1: 2 0 5 8
LN2: 7 5 6 9
LN3: 2 0 7 0
LN4: 7 5 8 1

ROOT: 0 5 4 8
LN0: 7 5 4 1
LN1: 2 0 5 2
LN2: 7 5 6 3
LN3: 2 0 7 4
LN4: 7 5 8 5

ROOT: 0 5 6 0
LN0: 7 5 6 3
LN1: 2 0 7 4
LN2: 7 5 8 5
LN3: 2 0 9 6
LN4: 7 5 0 7

ROOT: 0 5 6 2
LN0: 7 5 6 5
LN1: 2 0 7 6
LN2: 7 5 8 7
LN3: 2 0 9 8
LN4: 7 5 0 9

ROOT: 0 5 6 4
LN0: 7 5 6 7
LN1: 2 0 7 8
LN2: 7 5 8 9
LN3: 2 0 9 0
LN4: 7 5 0 1

ROOT: 0 5 6 6
LN0: 7 5 6 9
LN1: 2 0 7 0
LN2: 7 5 8 1
LN3: 2 0 9 2
LN4: 7 5 0 3

ROOT: 0 5 8 2
LN0: 7 5 8 5
LN1: 2 0 9 6
LN2: 7 5 0 7
LN3: 2 0 1 8
LN4: 7 5 2 9

ROOT: 0 5 8 4
LN0: 7 5 8 7
LN1: 2 0 9 8
LN2: 7 5 0 9
LN3: 2 0 1 0
LN4: 7 5 2 1

ROOT: 0 5 8 6
LN0: 7 5 8 9
LN1: 2 0 9 0
LN2: 7 5 0 1
LN3: 2 0 1 2
LN4: 7 5 2 3

ROOT: 0 5 8 8
LN0: 7 5 8 1
LN1: 2 0 9 2
LN2: 7 5 0 3
LN3: 2 0 1 4
LN4: 7 5 2 5

ROOT: 0 9 0 0
LN0: 7 9 0 3
LN1: 2 4 1 4
LN2: 7 9 2 5
LN3: 2 4 3 6
LN4: 7 9 4 7

ROOT: 0 9 0 4
LN0: 7 9 0 7
LN1: 2 4 1 8
LN2: 7 9 2 9
LN3: 2 4 3 0
LN4: 7 9 4 1

ROOT: 0 9 0 6
LN0: 7 9 0 9
LN1: 2 4 1 0
LN2: 7 9 2 1
LN3: 2 4 3 2
LN4: 7 9 4 3

ROOT: 0 9 0 8
LN0: 7 9 0 1
LN1: 2 4 1 2
LN2: 7 9 2 3
LN3: 2 4 3 4
LN4: 7 9 4 5

ROOT: 0 9 2 0
LN0: 7 9 2 3
LN1: 2 4 3 4
LN2: 7 9 4 5
LN3: 2 4 5 6
LN4: 7 9 6 7

ROOT: 0 9 2 2
LN0: 7 9 2 5
LN1: 2 4 3 6
LN2: 7 9 4 7
LN3: 2 4 5 8
LN4: 7 9 6 9

ROOT: 0 9 2 6
LN0: 7 9 2 9
LN1: 2 4 3 0
LN2: 7 9 4 1
LN3: 2 4 5 2
LN4: 7 9 6 3

ROOT: 0 9 2 8
LN0: 7 9 2 1
LN1: 2 4 3 2
LN2: 7 9 4 3
LN3: 2 4 5 4
LN4: 7 9 6 5

ROOT: 0 9 4 0
LN0: 7 9 4 3
LN1: 2 4 5 4
LN2: 7 9 6 5
LN3: 2 4 7 6
LN4: 7 9 8 7

ROOT: 0 9 4 2
LN0: 7 9 4 5
LN1: 2 4 5 6
LN2: 7 9 6 7
LN3: 2 4 7 8
LN4: 7 9 8 9

ROOT: 0 9 4 4
LN0: 7 9 4 7
LN1: 2 4 5 8
LN2: 7 9 6 9
LN3: 2 4 7 0
LN4: 7 9 8 1

ROOT: 0 9 4 8
LN0: 7 9 4 1
LN1: 2 4 5 2
LN2: 7 9 6 3
LN3: 2 4 7 4
LN4: 7 9 8 5

ROOT: 0 9 6 0
LN0: 7 9 6 3
LN1: 2 4 7 4
LN2: 7 9 8 5
LN3: 2 4 9 6
LN4: 7 9 0 7

ROOT: 0 9 6 2
LN0: 7 9 6 5
LN1: 2 4 7 6
LN2: 7 9 8 7
LN3: 2 4 9 8
LN4: 7 9 0 9

ROOT: 0 9 6 4
LN0: 7 9 6 7
LN1: 2 4 7 8
LN2: 7 9 8 9
LN3: 2 4 9 0
LN4: 7 9 0 1

ROOT: 0 9 6 6
LN0: 7 9 6 9
LN1: 2 4 7 0
LN2: 7 9 8 1
LN3: 2 4 9 2
LN4: 7 9 0 3

ROOT: 0 9 8 2
LN0: 7 9 8 5
LN1: 2 4 9 6
LN2: 7 9 0 7
LN3: 2 4 1 8
LN4: 7 9 2 9

ROOT: 0 9 8 4
LN0: 7 9 8 7
LN1: 2 4 9 8
LN2: 7 9 0 9
LN3: 2 4 1 0
LN4: 7 9 2 1

ROOT: 0 9 8 6
LN0: 7 9 8 9
LN1: 2 4 9 0
LN2: 7 9 0 1
LN3: 2 4 1 2
LN4: 7 9 2 3

ROOT: 0 9 8 8
LN0: 7 9 8 1
LN1: 2 4 9 2
LN2: 7 9 0 3
LN3: 2 4 1 4
LN4: 7 9 2 5

ROOT: 1 0 1 1
LN0: 8 0 1 4
LN1: 3 5 2 5
LN2: 8 0 3 6
LN3: 3 5 4 7
LN4: 8 0 5 8

ROOT: 1 0 1 5
LN0: 8 0 1 8
LN1: 3 5 2 9
LN2: 8 0 3 0
LN3: 3 5 4 1
LN4: 8 0 5 2

ROOT: 1 0 1 7
LN0: 8 0 1 0
LN1: 3 5 2 1
LN2: 8 0 3 2
LN3: 3 5 4 3
LN4: 8 0 5 4

ROOT: 1 0 1 9
LN0: 8 0 1 2
LN1: 3 5 2 3
LN2: 8 0 3 4
LN3: 3 5 4 5
LN4: 8 0 5 6

ROOT: 1 0 3 1
LN0: 8 0 3 4
LN1: 3 5 4 5
LN2: 8 0 5 6
LN3: 3 5 6 7
LN4: 8 0 7 8

ROOT: 1 0 3 3
LN0: 8 0 3 6
LN1: 3 5 4 7
LN2: 8 0 5 8
LN3: 3 5 6 9
LN4: 8 0 7 0

ROOT: 1 0 3 7
LN0: 8 0 3 0
LN1: 3 5 4 1
LN2: 8 0 5 2
LN3: 3 5 6 3
LN4: 8 0 7 4

ROOT: 1 0 3 9
LN0: 8 0 3 2
LN1: 3 5 4 3
LN2: 8 0 5 4
LN3: 3 5 6 5
LN4: 8 0 7 6

ROOT: 1 0 5 1
LN0: 8 0 5 4
LN1: 3 5 6 5
LN2: 8 0 7 6
LN3: 3 5 8 7
LN4: 8 0 9 8

ROOT: 1 0 5 3
LN0: 8 0 5 6
LN1: 3 5 6 7
LN2: 8 0 7 8
LN3: 3 5 8 9
LN4: 8 0 9 0

ROOT: 1 0 5 5
LN0: 8 0 5 8
LN1: 3 5 6 9
LN2: 8 0 7 0
LN3: 3 5 8 1
LN4: 8 0 9 2

ROOT: 1 0 5 9
LN0: 8 0 5 2
LN1: 3 5 6 3
LN2: 8 0 7 4
LN3: 3 5 8 5
LN4: 8 0 9 6

ROOT: 1 0 7 1
LN0: 8 0 7 4
LN1: 3 5 8 5
LN2: 8 0 9 6
LN3: 3 5 0 7
LN4: 8 0 1 8

ROOT: 1 0 7 3
LN0: 8 0 7 6
LN1: 3 5 8 7
LN2: 8 0 9 8
LN3: 3 5 0 9
LN4: 8 0 1 0

ROOT: 1 0 7 5
LN0: 8 0 7 8
LN1: 3 5 8 9
LN2: 8 0 9 0
LN3: 3 5 0 1
LN4: 8 0 1 2

ROOT: 1 0 7 7
LN0: 8 0 7 0
LN1: 3 5 8 1
LN2: 8 0 9 2
LN3: 3 5 0 3
LN4: 8 0 1 4

ROOT: 1 0 9 3
LN0: 8 0 9 6
LN1: 3 5 0 7
LN2: 8 0 1 8
LN3: 3 5 2 9
LN4: 8 0 3 0

ROOT: 1 0 9 5
LN0: 8 0 9 8
LN1: 3 5 0 9
LN2: 8 0 1 0
LN3: 3 5 2 1
LN4: 8 0 3 2

ROOT: 1 0 9 7
LN0: 8 0 9 0
LN1: 3 5 0 1
LN2: 8 0 1 2
LN3: 3 5 2 3
LN4: 8 0 3 4

ROOT: 1 0 9 9
LN0: 8 0 9 2
LN1: 3 5 0 3
LN2: 8 0 1 4
LN3: 3 5 2 5
LN4: 8 0 3 6

