NL 100
ROOT: 0 0 3 7
LN0: 3 5 5 9
LN1: 7 4 9 3
LN2: 1 3 3 7
LN3: 5 2 7 1
LN4: 9 1 1 5

ROOT: 0 0 4 8
LN0: 3 5 6 0
LN1: 7 4 0 4
LN2: 1 3 4 8
LN3: 5 2 8 2
LN4: 9 1 2 6

ROOT: 0 0 7 3
LN0: 3 5 9 5
LN1: 7 4 3 9
LN2: 1 3 7 3
LN3: 5 2 1 7
LN4: 9 1 5 1

ROOT: 0 0 8 4
LN0: 3 5 0 6
LN1: 7 4 4 0
LN2: 1 3 8 4
LN3: 5 2 2 8
LN4: 9 1 6 2

ROOT: 0 1 3 6
LN0: 3 6 5 8
LN1: 7 5 9 2
LN2: 1 4 3 6
LN3: 5 3 7 0
LN4: 9 2 1 4

ROOT: 0 1 3 8
LN0: 3 6 5 0
LN1: 7 5 9 4
LN2: 1 4 3 8
LN3: 5 3 7 2
LN4: 9 2 1 6

ROOT: 0 1 4 5
LN0: 3 6 6 7
LN1: 7 5 0 1
LN2: 1 4 4 5
LN3: 5 3 8 9
LN4: 9 2 2 3

ROOT: 0 1 5 4
LN0: 3 6 7 6
LN1: 7 5 1 0
LN2: 1 4 5 4
LN3: 5 3 9 8
LN4: 9 2 3 2

ROOT: 0 1 6 3
LN0: 3 6 8 5
LN1: 7 5 2 9
LN2: 1 4 6 3
LN3: 5 3 0 7
LN4: 9 2 4 1

ROOT: 0 1 8 3
LN0: 3 6 0 5
LN1: 7 5 4 9
LN2: 1 4 8 3
LN3: 5 3 2 7
LN4: 9 2 6 1

ROOT: 0 2 1 5
LN0: 3 7 3 7
LN1: 7 6 7 1
LN2: 1 5 1 5
LN3: 5 4 5 9
LN4: 9 3 9 3

ROOT: 0 2 1 7
LN0: 3 7 3 9
LN1: 7 6 7 3
LN2: 1 5 1 7
LN3: 5 4 5 1
LN4: 9 3 9 5

ROOT: 0 2 2 6
LN0: 3 7 4 8
LN1: 7 6 8 2
LN2: 1 5 2 6
LN3: 5 4 6 0
LN4: 9 3 0 4

ROOT: 0 2 5 1
LN0: 3 7 7 3
LN1: 7 6 1 7
LN2: 1 5 5 1
LN3: 5 4 9 5
LN4: 9 3 3 9

ROOT: 0 2 5 9
LN0: 3 7 7 1
LN1: 7 6 1 5
LN2: 1 5 5 9
LN3: 5 4 9 3
LN4: 9 3 3 7

ROOT: 0 2 6 2
LN0: 3 7 8 4
LN1: 7 6 2 8
LN2: 1 5 6 2
LN3: 5 4 0 6
LN4: 9 3 4 0

ROOT: 0 2 7 1
LN0: 3 7 9 3
LN1: 7 6 3 7
LN2: 1 5 7 1
LN3: 5 4 1 5
LN4: 9 3 5 9

ROOT: 0 2 7 9
LN0: 3 7 9 1
LN1: 7 6 3 5
LN2: 1 5 7 9
LN3: 5 4 1 3
LN4: 9 3 5 7

ROOT: 0 2 9 5
LN0: 3 7 1 7
LN1: 7 6 5 1
LN2: 1 5 9 5
LN3: 5 4 3 9
LN4: 9 3 7 3

ROOT: 0 2 9 7
LN0: 3 7 1 9
LN1: 7 6 5 3
LN2: 1 5 9 7
LN3: 5 4 3 1
LN4: 9 3 7 5

ROOT: 0 3 3 8
LN0: 3 8 5 0
LN1: 7 7 9 4
LN2: 1 6 3 8
LN3: 5 5 7 2
LN4: 9 4 1 6

ROOT: 0 3 5 8
LN0: 3 8 7 0
LN1: 7 7 1 4
LN2: 1 6 5 8
LN3: 5 5 9 2
LN4: 9 4 3 6

ROOT: 0 3 6 7
LN0: 3 8 8 9
LN1: 7 7 2 3
LN2: 1 6 6 7
LN3: 5 5 0 1
LN4: 9 4 4 5

ROOT: 0 3 7 6
LN0: 3 8 9 8
LN1: 7 7 3 2
LN2: 1 6 7 6
LN3: 5 5 1 0
LN4: 9 4 5 4

ROOT: 0 3 7 8
LN0: 3 8 9 0
LN1: 7 7 3 4
LN2: 1 6 7 8
LN3: 5 5 1 2
LN4: 9 4 5 6

ROOT: 0 3 8 3
LN0: 3 8 0 5
LN1: 7 7 4 9
LN2: 1 6 8 3
LN3: 5 5 2 7
LN4: 9 4 6 1

ROOT: 0 3 8 5
LN0: 3 8 0 7
LN1: 7 7 4 1
LN2: 1 6 8 5
LN3: 5 5 2 9
LN4: 9 4 6 3

ROOT: 0 3 8 7
LN0: 3 8 0 9
LN1: 7 7 4 3
LN2: 1 6 8 7
LN3: 5 5 2 1
LN4: 9 4 6 5

ROOT: 0 5 3 8
LN0: 3 0 5 0
LN1: 7 9 9 4
LN2: 1 8 3 8
LN3: 5 7 7 2
LN4: 9 6 1 6

ROOT: 0 5 4 7
LN0: 3 0 6 9
LN1: 7 9 0 3
LN2: 1 8 4 7
LN3: 5 7 8 1
LN4: 9 6 2 5

ROOT: 0 5 7 4
LN0: 3 0 9 6
LN1: 7 9 3 0
LN2: 1 8 7 4
LN3: 5 7 1 8
LN4: 9 6 5 2

ROOT: 0 5 8 3
LN0: 3 0 0 5
LN1: 7 9 4 9
LN2: 1 8 8 3
LN3: 5 7 2 7
LN4: 9 6 6 1

ROOT: 0 6 4 8
LN0: 3 1 6 0
LN1: 7 0 0 4
LN2: 1 9 4 8
LN3: 5 8 8 2
LN4: 9 7 2 6

ROOT: 0 6 8 4
LN0: 3 1 0 6
LN1: 7 0 4 0
LN2: 1 9 8 4
LN3: 5 8 2 8
LN4: 9 7 6 2

ROOT: 0 7 4 7
LN0: 3 2 6 9
LN1: 7 1 0 3
LN2: 1 0 4 7
LN3: 5 9 8 1
LN4: 9 8 2 5

ROOT: 0 7 7 4
LN0: 3 2 9 6
LN1: 7 1 3 0
LN2: 1 0 7 4
LN3: 5 9 1 8
LN4: 9 8 5 2

ROOT: 0 8 3 7
LN0: 3 3 5 9
LN1: 7 2 9 3
LN2: 1 1 3 7
LN3: 5 0 7 1
LN4: 9 9 1 5

ROOT: 0 8 7 3
LN0: 3 3 9 5
LN1: 7 2 3 9
LN2: 1 1 7 3
LN3: 5 0 1 7
LN4: 9 9 5 1

ROOT: 1 2 0 5
LN0: 4 7 2 7
LN1: 8 6 6 1
LN2: 2 5 0 5
LN3: 6 4 4 9
LN4: 0 3 8 3

ROOT: 1 2 0 7
LN0: 4 7 2 9
LN1: 8 6 6 3
LN2: 2 5 0 7
LN3: 6 4 4 1
LN4: 0 3 8 5

ROOT: 1 2 5 0
LN0: 4 7 7 2
LN1: 8 6 1 6
LN2: 2 5 5 0
LN3: 6 4 9 4
LN4: 0 3 3 8

ROOT: 1 2 6 9
LN0: 4 7 8 1
LN1: 8 6 2 5
LN2: 2 5 6 9
LN3: 6 4 0 3
LN4: 0 3 4 7

ROOT: 1 2 7 0
LN0: 4 7 9 2
LN1: 8 6 3 6
LN2: 2 5 7 0
LN3: 6 4 1 4
LN4: 0 3 5 8

ROOT: 1 2 9 6
LN0: 4 7 1 8
LN1: 8 6 5 2
LN2: 2 5 9 6
LN3: 6 4 3 0
LN4: 0 3 7 4

ROOT: 1 3 5 7
LN0: 4 8 7 9
LN1: 8 7 1 3
LN2: 2 6 5 7
LN3: 6 5 9 1
LN4: 0 4 3 5

ROOT: 1 3 6 8
LN0: 4 8 8 0
LN1: 8 7 2 4
LN2: 2 6 6 8
LN3: 6 5 0 2
LN4: 0 4 4 6

ROOT: 1 3 7 5
LN0: 4 8 9 7
LN1: 8 7 3 1
LN2: 2 6 7 5
LN3: 6 5 1 9
LN4: 0 4 5 3

ROOT: 1 3 8 6
LN0: 4 8 0 8
LN1: 8 7 4 2
LN2: 2 6 8 6
LN3: 6 5 2 0
LN4: 0 4 6 4

ROOT: 1 4 3 8
LN0: 4 9 5 0
LN1: 8 8 9 4
LN2: 2 7 3 8
LN3: 6 6 7 2
LN4: 0 5 1 6

ROOT: 1 4 4 7
LN0: 4 9 6 9
LN1: 8 8 0 3
LN2: 2 7 4 7
LN3: 6 6 8 1
LN4: 0 5 2 5

ROOT: 1 4 7 4
LN0: 4 9 9 6
LN1: 8 8 3 0
LN2: 2 7 7 4
LN3: 6 6 1 8
LN4: 0 5 5 2

ROOT: 1 4 8 3
LN0: 4 9 0 5
LN1: 8 8 4 9
LN2: 2 7 8 3
LN3: 6 6 2 7
LN4: 0 5 6 1

ROOT: 2 2 0 6
LN0: 5 7 2 8
LN1: 9 6 6 2
LN2: 3 5 0 6
LN3: 7 4 4 0
LN4: 1 3 8 4

ROOT: 2 2 5 9
LN0: 5 7 7 1
LN1: 9 6 1 5
LN2: 3 5 5 9
LN3: 7 4 9 3
LN4: 1 3 3 7

ROOT: 2 2 6 0
LN0: 5 7 8 2
LN1: 9 6 2 6
LN2: 3 5 6 0
LN3: 7 4 0 4
LN4: 1 3 4 8

ROOT: 2 2 7 9
LN0: 5 7 9 1
LN1: 9 6 3 5
LN2: 3 5 7 9
LN3: 7 4 1 3
LN4: 1 3 5 7

ROOT: 2 2 9 5
LN0: 5 7 1 7
LN1: 9 6 5 1
LN2: 3 5 9 5
LN3: 7 4 3 9
LN4: 1 3 7 3

ROOT: 2 2 9 7
LN0: 5 7 1 9
LN1: 9 6 5 3
LN2: 3 5 9 7
LN3: 7 4 3 1
LN4: 1 3 7 5

ROOT: 2 3 5 8
LN0: 5 8 7 0
LN1: 9 7 1 4
LN2: 3 6 5 8
LN3: 7 5 9 2
LN4: 1 4 3 6

ROOT: 2 3 6 7
LN0: 5 8 8 9
LN1: 9 7 2 3
LN2: 3 6 6 7
LN3: 7 5 0 1
LN4: 1 4 4 5

ROOT: 2 3 7 6
LN0: 5 8 9 8
LN1: 9 7 3 2
LN2: 3 6 7 6
LN3: 7 5 1 0
LN4: 1 4 5 4

ROOT: 2 3 7 8
LN0: 5 8 9 0
LN1: 9 7 3 4
LN2: 3 6 7 8
LN3: 7 5 1 2
LN4: 1 4 5 6

ROOT: 2 3 8 5
LN0: 5 8 0 7
LN1: 9 7 4 1
LN2: 3 6 8 5
LN3: 7 5 2 9
LN4: 1 4 6 3

ROOT: 2 3 8 7
LN0: 5 8 0 9
LN1: 9 7 4 3
LN2: 3 6 8 7
LN3: 7 5 2 1
LN4: 1 4 6 5

ROOT: 2 4 3 7
LN0: 5 9 5 9
LN1: 9 8 9 3
LN2: 3 7 3 7
LN3: 7 6 7 1
LN4: 1 5 1 5

ROOT: 2 4 4 8
LN0: 5 9 6 0
LN1: 9 8 0 4
LN2: 3 7 4 8
LN3: 7 6 8 2
LN4: 1 5 2 6

ROOT: 2 4 7 3
LN0: 5 9 9 5
LN1: 9 8 3 9
LN2: 3 7 7 3
LN3: 7 6 1 7
LN4: 1 5 5 1

ROOT: 2 4 8 4
LN0: 5 9 0 6
LN1: 9 8 4 0
LN2: 3 7 8 4
LN3: 7 6 2 8
LN4: 1 5 6 2

ROOT: 3 0 0 7
LN0: 6 5 2 9
LN1: 0 4 6 3
LN2: 4 3 0 7
LN3: 8 2 4 1
LN4: 2 1 8 5

ROOT: 3 0 7 0
LN0: 6 5 9 2
LN1: 0 4 3 6
LN2: 4 3 7 0
LN3: 8 2 1 4
LN4: 2 1 5 8

ROOT: 3 0 8 9
LN0: 6 5 0 1
LN1: 0 4 4 5
LN2: 4 3 8 9
LN3: 8 2 2 3
LN4: 2 1 6 7

ROOT: 3 0 9 8
LN0: 6 5 1 0
LN1: 0 4 5 4
LN2: 4 3 9 8
LN3: 8 2 3 2
LN4: 2 1 7 6

ROOT: 3 1 0 6
LN0: 6 6 2 8
LN1: 0 5 6 2
LN2: 4 4 0 6
LN3: 8 3 4 0
LN4: 2 2 8 4

ROOT: 3 1 0 8
LN0: 6 6 2 0
LN1: 0 5 6 4
LN2: 4 4 0 8
LN3: 8 3 4 2
LN4: 2 2 8 6

ROOT: 3 1 5 9
LN0: 6 6 7 1
LN1: 0 5 1 5
LN2: 4 4 5 9
LN3: 8 3 9 3
LN4: 2 2 3 7

ROOT: 3 1 6 0
LN0: 6 6 8 2
LN1: 0 5 2 6
LN2: 4 4 6 0
LN3: 8 3 0 4
LN4: 2 2 4 8

ROOT: 3 1 8 0
LN0: 6 6 0 2
LN1: 0 5 4 6
LN2: 4 4 8 0
LN3: 8 3 2 4
LN4: 2 2 6 8

ROOT: 3 1 9 5
LN0: 6 6 1 7
LN1: 0 5 5 1
LN2: 4 4 9 5
LN3: 8 3 3 9
LN4: 2 2 7 3

ROOT: 3 3 0 8
LN0: 6 8 2 0
LN1: 0 7 6 4
LN2: 4 6 0 8
LN3: 8 5 4 2
LN4: 2 4 8 6

ROOT: 3 3 8 0
LN0: 6 8 0 2
LN1: 0 7 4 6
LN2: 4 6 8 0
LN3: 8 5 2 4
LN4: 2 4 6 8

ROOT: 3 4 1 8
LN0: 6 9 3 0
LN1: 0 8 7 4
LN2: 4 7 1 8
LN3: 8 6 5 2
LN4: 2 5 9 6

ROOT: 3 4 2 7
LN0: 6 9 4 9
LN1: 0 8 8 3
LN2: 4 7 2 7
LN3: 8 6 6 1
LN4: 2 5 0 5

ROOT: 3 4 7 2
LN0: 6 9 9 4
LN1: 0 8 3 8
LN2: 4 7 7 2
LN3: 8 6 1 6
LN4: 2 5 5 0

ROOT: 3 4 8 1
LN0: 6 9 0 3
LN1: 0 8 4 7
LN2: 4 7 8 1
LN3: 8 6 2 5
LN4: 2 5 6 9

ROOT: 3 4 8 9
LN0: 6 9 0 1
LN1: 0 8 4 5
LN2: 4 7 8 9
LN3: 8 6 2 3
LN4: 2 5 6 7

ROOT: 3 4 9 8
LN0: 6 9 1 0
LN1: 0 8 5 4
LN2: 4 7 9 8
LN3: 8 6 3 2
LN4: 2 5 7 6

ROOT: 3 5 0 8
LN0: 6 0 2 0
LN1: 0 9 6 4
LN2: 4 8 0 8
LN3: 8 7 4 2
LN4: 2 6 8 6

ROOT: 3 5 7 9
LN0: 6 0 9 1
LN1: 0 9 3 5
LN2: 4 8 7 9
LN3: 8 7 1 3
LN4: 2 6 5 7

ROOT: 3 5 8 0
LN0: 6 0 0 2
LN1: 0 9 4 6
LN2: 4 8 8 0
LN3: 8 7 2 4
LN4: 2 6 6 8

ROOT: 3 5 9 7
LN0: 6 0 1 9
LN1: 0 9 5 3
LN2: 4 8 9 7
LN3: 8 7 3 1
LN4: 2 6 7 5

ROOT: 3 6 8 9
LN0: 6 1 0 1
LN1: 0 0 4 5
LN2: 4 9 8 9
LN3: 8 8 2 3
LN4: 2 7 6 7

ROOT: 3 6 9 8
LN0: 6 1 1 0
LN1: 0 0 5 4
LN2: 4 9 9 8
LN3: 8 8 3 2
LN4: 2 7 7 6

ROOT: 3 8 0 7
LN0: 6 3 2 9
LN1: 0 2 6 3
LN2: 4 1 0 7
LN3: 8 0 4 1
LN4: 2 9 8 5

ROOT: 3 8 7 0
LN0: 6 3 9 2
LN1: 0 2 3 6
LN2: 4 1 7 0
LN3: 8 0 1 4
LN4: 2 9 5 8

ROOT: 3 9 7 9
LN0: 6 4 9 1
LN1: 0 3 3 5
LN2: 4 2 7 9
LN3: 8 1 1 3
LN4: 2 0 5 7

ROOT: 3 9 9 7
LN0: 6 4 1 9
LN1: 0 3 5 3
LN2: 4 2 9 7
LN3: 8 1 3 1
LN4: 2 0 7 5

ROOT: 4 0 0 8
LN0: 7 5 2 0
LN1: 1 4 6 4
LN2: 5 3 0 8
LN3: 9 2 4 2
LN4: 3 1 8 6

ROOT: 4 0 7 9
LN0: 7 5 9 1
LN1: 1 4 3 5
LN2: 5 3 7 9
LN3: 9 2 1 3
LN4: 3 1 5 7

ROOT: 4 0 8 0
LN0: 7 5 0 2
LN1: 1 4 4 6
LN2: 5 3 8 0
LN3: 9 2 2 4
LN4: 3 1 6 8

ROOT: 4 0 9 7
LN0: 7 5 1 9
LN1: 1 4 5 3
LN2: 5 3 9 7
LN3: 9 2 3 1
LN4: 3 1 7 5

