NL 100
ROOT: 0 0 6 2
LN0: 6 6 8 4
LN1: 0 5 7 3
LN2: 4 4 6 2
LN3: 8 3 5 1
LN4: 2 2 4 0

ROOT: 0 0 8 0
LN0: 6 6 0 2
LN1: 0 5 9 1
LN2: 4 4 8 0
LN3: 8 3 7 9
LN4: 2 2 6 8

ROOT: 0 2 6 2
LN0: 6 8 8 4
LN1: 0 7 7 3
LN2: 4 6 6 2
LN3: 8 5 5 1
LN4: 2 4 4 0

ROOT: 0 2 8 0
LN0: 6 8 0 2
LN1: 0 7 9 1
LN2: 4 6 8 0
LN3: 8 5 7 9
LN4: 2 4 6 8

ROOT: 0 6 0 2
LN0: 6 2 2 4
LN1: 0 1 1 3
LN2: 4 0 0 2
LN3: 8 9 9 1
LN4: 2 8 8 0

ROOT: 0 6 2 2
LN0: 6 2 4 4
LN1: 0 1 3 3
LN2: 4 0 2 2
LN3: 8 9 1 1
LN4: 2 8 0 0

ROOT: 0 6 8 4
LN0: 6 2 0 6
LN1: 0 1 9 5
LN2: 4 0 8 4
LN3: 8 9 7 3
LN4: 2 8 6 2

ROOT: 0 6 8 6
LN0: 6 2 0 8
LN1: 0 1 9 7
LN2: 4 0 8 6
LN3: 8 9 7 5
LN4: 2 8 6 4

ROOT: 0 8 0 0
LN0: 6 4 2 2
LN1: 0 3 1 1
LN2: 4 2 0 0
LN3: 8 1 9 9
LN4: 2 0 8 8

ROOT: 0 8 2 0
LN0: 6 4 4 2
LN1: 0 3 3 1
LN2: 4 2 2 0
LN3: 8 1 1 9
LN4: 2 0 0 8

ROOT: 0 8 6 4
LN0: 6 4 8 6
LN1: 0 3 7 5
LN2: 4 2 6 4
LN3: 8 1 5 3
LN4: 2 0 4 2

ROOT: 0 8 6 6
LN0: 6 4 8 8
LN1: 0 3 7 7
LN2: 4 2 6 6
LN3: 8 1 5 5
LN4: 2 0 4 4

ROOT: 1 1 6 2
LN0: 7 7 8 4
LN1: 1 6 7 3
LN2: 5 5 6 2
LN3: 9 4 5 1
LN4: 3 3 4 0

ROOT: 1 1 8 0
LN0: 7 7 0 2
LN1: 1 6 9 1
LN2: 5 5 8 0
LN3: 9 4 7 9
LN4: 3 3 6 8

ROOT: 1 3 6 2
LN0: 7 9 8 4
LN1: 1 8 7 3
LN2: 5 7 6 2
LN3: 9 6 5 1
LN4: 3 5 4 0

ROOT: 1 3 8 0
LN0: 7 9 0 2
LN1: 1 8 9 1
LN2: 5 7 8 0
LN3: 9 6 7 9
LN4: 3 5 6 8

ROOT: 1 6 1 2
LN0: 7 2 3 4
LN1: 1 1 2 3
LN2: 5 0 1 2
LN3: 9 9 0 1
LN4: 3 8 9 0

ROOT: 1 6 3 2
LN0: 7 2 5 4
LN1: 1 1 4 3
LN2: 5 0 3 2
LN3: 9 9 2 1
LN4: 3 8 1 0

ROOT: 1 6 7 2
LN0: 7 2 9 4
LN1: 1 1 8 3
LN2: 5 0 7 2
LN3: 9 9 6 1
LN4: 3 8 5 0

ROOT: 1 6 8 1
LN0: 7 2 0 3
LN1: 1 1 9 2
LN2: 5 0 8 1
LN3: 9 9 7 0
LN4: 3 8 6 9

ROOT: 1 6 8 3
LN0: 7 2 0 5
LN1: 1 1 9 4
LN2: 5 0 8 3
LN3: 9 9 7 2
LN4: 3 8 6 1

ROOT: 1 6 8 5
LN0: 7 2 0 7
LN1: 1 1 9 6
LN2: 5 0 8 5
LN3: 9 9 7 4
LN4: 3 8 6 3

ROOT: 1 6 8 7
LN0: 7 2 0 9
LN1: 1 1 9 8
LN2: 5 0 8 7
LN3: 9 9 7 6
LN4: 3 8 6 5

ROOT: 1 6 9 2
LN0: 7 2 1 4
LN1: 1 1 0 3
LN2: 5 0 9 2
LN3: 9 9 8 1
LN4: 3 8 7 0

ROOT: 1 7 6 2
LN0: 7 3 8 4
LN1: 1 2 7 3
LN2: 5 1 6 2
LN3: 9 0 5 1
LN4: 3 9 4 0

ROOT: 1 7 8 0
LN0: 7 3 0 2
LN1: 1 2 9 1
LN2: 5 1 8 0
LN3: 9 0 7 9
LN4: 3 9 6 8

ROOT: 1 8 1 0
LN0: 7 4 3 2
LN1: 1 3 2 1
LN2: 5 2 1 0
LN3: 9 1 0 9
LN4: 3 0 9 8

ROOT: 1 8 3 0
LN0: 7 4 5 2
LN1: 1 3 4 1
LN2: 5 2 3 0
LN3: 9 1 2 9
LN4: 3 0 1 8

ROOT: 1 8 6 1
LN0: 7 4 8 3
LN1: 1 3 7 2
LN2: 5 2 6 1
LN3: 9 1 5 0
LN4: 3 0 4 9

ROOT: 1 8 6 3
LN0: 7 4 8 5
LN1: 1 3 7 4
LN2: 5 2 6 3
LN3: 9 1 5 2
LN4: 3 0 4 1

ROOT: 1 8 6 5
LN0: 7 4 8 7
LN1: 1 3 7 6
LN2: 5 2 6 5
LN3: 9 1 5 4
LN4: 3 0 4 3

ROOT: 1 8 6 7
LN0: 7 4 8 9
LN1: 1 3 7 8
LN2: 5 2 6 7
LN3: 9 1 5 6
LN4: 3 0 4 5

ROOT: 1 8 7 0
LN0: 7 4 9 2
LN1: 1 3 8 1
LN2: 5 2 7 0
LN3: 9 1 6 9
LN4: 3 0 5 8

ROOT: 1 8 9 0
LN0: 7 4 1 2
LN1: 1 3 0 1
LN2: 5 2 9 0
LN3: 9 1 8 9
LN4: 3 0 7 8

ROOT: 1 9 6 2
LN0: 7 5 8 4
LN1: 1 4 7 3
LN2: 5 3 6 2
LN3: 9 2 5 1
LN4: 3 1 4 0

ROOT: 1 9 8 0
LN0: 7 5 0 2
LN1: 1 4 9 1
LN2: 5 3 8 0
LN3: 9 2 7 9
LN4: 3 1 6 8

ROOT: 2 0 2 2
LN0: 8 6 4 4
LN1: 2 5 3 3
LN2: 6 4 2 2
LN3: 0 3 1 1
LN4: 4 2 0 0

ROOT: 2 0 4 2
LN0: 8 6 6 4
LN1: 2 5 5 3
LN2: 6 4 4 2
LN3: 0 3 3 1
LN4: 4 2 2 0

ROOT: 2 0 8 6
LN0: 8 6 0 8
LN1: 2 5 9 7
LN2: 6 4 8 6
LN3: 0 3 7 5
LN4: 4 2 6 4

ROOT: 2 0 8 8
LN0: 8 6 0 0
LN1: 2 5 9 9
LN2: 6 4 8 8
LN3: 0 3 7 7
LN4: 4 2 6 6

ROOT: 2 2 0 2
LN0: 8 8 2 4
LN1: 2 7 1 3
LN2: 6 6 0 2
LN3: 0 5 9 1
LN4: 4 4 8 0

ROOT: 2 2 4 2
LN0: 8 8 6 4
LN1: 2 7 5 3
LN2: 6 6 4 2
LN3: 0 5 3 1
LN4: 4 4 2 0

ROOT: 2 2 8 4
LN0: 8 8 0 6
LN1: 2 7 9 5
LN2: 6 6 8 4
LN3: 0 5 7 3
LN4: 4 4 6 2

ROOT: 2 2 8 8
LN0: 8 8 0 0
LN1: 2 7 9 9
LN2: 6 6 8 8
LN3: 0 5 7 7
LN4: 4 4 6 6

ROOT: 2 3 5 2
LN0: 8 9 7 4
LN1: 2 8 6 3
LN2: 6 7 5 2
LN3: 0 6 4 1
LN4: 4 5 3 0

ROOT: 2 3 7 2
LN0: 8 9 9 4
LN1: 2 8 8 3
LN2: 6 7 7 2
LN3: 0 6 6 1
LN4: 4 5 5 0

ROOT: 2 3 8 1
LN0: 8 9 0 3
LN1: 2 8 9 2
LN2: 6 7 8 1
LN3: 0 6 7 0
LN4: 4 5 6 9

ROOT: 2 3 8 3
LN0: 8 9 0 5
LN1: 2 8 9 4
LN2: 6 7 8 3
LN3: 0 6 7 2
LN4: 4 5 6 1

ROOT: 2 3 8 9
LN0: 8 9 0 1
LN1: 2 8 9 0
LN2: 6 7 8 9
LN3: 0 6 7 8
LN4: 4 5 6 7

ROOT: 2 3 9 2
LN0: 8 9 1 4
LN1: 2 8 0 3
LN2: 6 7 9 2
LN3: 0 6 8 1
LN4: 4 5 7 0

ROOT: 2 4 0 2
LN0: 8 0 2 4
LN1: 2 9 1 3
LN2: 6 8 0 2
LN3: 0 7 9 1
LN4: 4 6 8 0

ROOT: 2 4 2 2
LN0: 8 0 4 4
LN1: 2 9 3 3
LN2: 6 8 2 2
LN3: 0 7 1 1
LN4: 4 6 0 0

ROOT: 2 4 8 4
LN0: 8 0 0 6
LN1: 2 9 9 5
LN2: 6 8 8 4
LN3: 0 7 7 3
LN4: 4 6 6 2

ROOT: 2 4 8 6
LN0: 8 0 0 8
LN1: 2 9 9 7
LN2: 6 8 8 6
LN3: 0 7 7 5
LN4: 4 6 6 4

ROOT: 2 5 3 2
LN0: 8 1 5 4
LN1: 2 0 4 3
LN2: 6 9 3 2
LN3: 0 8 2 1
LN4: 4 7 1 0

ROOT: 2 5 7 2
LN0: 8 1 9 4
LN1: 2 0 8 3
LN2: 6 9 7 2
LN3: 0 8 6 1
LN4: 4 7 5 0

ROOT: 2 5 8 1
LN0: 8 1 0 3
LN1: 2 0 9 2
LN2: 6 9 8 1
LN3: 0 8 7 0
LN4: 4 7 6 9

ROOT: 2 5 8 3
LN0: 8 1 0 5
LN1: 2 0 9 4
LN2: 6 9 8 3
LN3: 0 8 7 2
LN4: 4 7 6 1

ROOT: 2 5 8 7
LN0: 8 1 0 9
LN1: 2 0 9 8
LN2: 6 9 8 7
LN3: 0 8 7 6
LN4: 4 7 6 5

ROOT: 2 5 9 2
LN0: 8 1 1 4
LN1: 2 0 0 3
LN2: 6 9 9 2
LN3: 0 8 8 1
LN4: 4 7 7 0

ROOT: 2 7 3 2
LN0: 8 3 5 4
LN1: 2 2 4 3
LN2: 6 1 3 2
LN3: 0 0 2 1
LN4: 4 9 1 0

ROOT: 2 7 5 2
LN0: 8 3 7 4
LN1: 2 2 6 3
LN2: 6 1 5 2
LN3: 0 0 4 1
LN4: 4 9 3 0

ROOT: 2 7 8 3
LN0: 8 3 0 5
LN1: 2 2 9 4
LN2: 6 1 8 3
LN3: 0 0 7 2
LN4: 4 9 6 1

ROOT: 2 7 8 7
LN0: 8 3 0 9
LN1: 2 2 9 8
LN2: 6 1 8 7
LN3: 0 0 7 6
LN4: 4 9 6 5

ROOT: 2 7 8 9
LN0: 8 3 0 1
LN1: 2 2 9 0
LN2: 6 1 8 9
LN3: 0 0 7 8
LN4: 4 9 6 7

ROOT: 2 7 9 2
LN0: 8 3 1 4
LN1: 2 2 0 3
LN2: 6 1 9 2
LN3: 0 0 8 1
LN4: 4 9 7 0

ROOT: 2 8 0 6
LN0: 8 4 2 8
LN1: 2 3 1 7
LN2: 6 2 0 6
LN3: 0 1 9 5
LN4: 4 0 8 4

ROOT: 2 8 0 8
LN0: 8 4 2 0
LN1: 2 3 1 9
LN2: 6 2 0 8
LN3: 0 1 9 7
LN4: 4 0 8 6

ROOT: 2 8 2 4
LN0: 8 4 4 6
LN1: 2 3 3 5
LN2: 6 2 2 4
LN3: 0 1 1 3
LN4: 4 0 0 2

ROOT: 2 8 2 8
LN0: 8 4 4 0
LN1: 2 3 3 9
LN2: 6 2 2 8
LN3: 0 1 1 7
LN4: 4 0 0 6

ROOT: 2 8 3 1
LN0: 8 4 5 3
LN1: 2 3 4 2
LN2: 6 2 3 1
LN3: 0 1 2 0
LN4: 4 0 1 9

ROOT: 2 8 3 3
LN0: 8 4 5 5
LN1: 2 3 4 4
LN2: 6 2 3 3
LN3: 0 1 2 2
LN4: 4 0 1 1

ROOT: 2 8 3 9
LN0: 8 4 5 1
LN1: 2 3 4 0
LN2: 6 2 3 9
LN3: 0 1 2 8
LN4: 4 0 1 7

ROOT: 2 8 4 4
LN0: 8 4 6 6
LN1: 2 3 5 5
LN2: 6 2 4 4
LN3: 0 1 3 3
LN4: 4 0 2 2

ROOT: 2 8 4 6
LN0: 8 4 6 8
LN1: 2 3 5 7
LN2: 6 2 4 6
LN3: 0 1 3 5
LN4: 4 0 2 4

ROOT: 2 8 5 1
LN0: 8 4 7 3
LN1: 2 3 6 2
LN2: 6 2 5 1
LN3: 0 1 4 0
LN4: 4 0 3 9

ROOT: 2 8 5 3
LN0: 8 4 7 5
LN1: 2 3 6 4
LN2: 6 2 5 3
LN3: 0 1 4 2
LN4: 4 0 3 1

ROOT: 2 8 5 7
LN0: 8 4 7 9
LN1: 2 3 6 8
LN2: 6 2 5 7
LN3: 0 1 4 6
LN4: 4 0 3 5

ROOT: 2 8 7 3
LN0: 8 4 9 5
LN1: 2 3 8 4
LN2: 6 2 7 3
LN3: 0 1 6 2
LN4: 4 0 5 1

ROOT: 2 8 7 7
LN0: 8 4 9 9
LN1: 2 3 8 8
LN2: 6 2 7 7
LN3: 0 1 6 6
LN4: 4 0 5 5

ROOT: 2 8 7 9
LN0: 8 4 9 1
LN1: 2 3 8 0
LN2: 6 2 7 9
LN3: 0 1 6 8
LN4: 4 0 5 7

ROOT: 2 8 9 1
LN0: 8 4 1 3
LN1: 2 3 0 2
LN2: 6 2 9 1
LN3: 0 1 8 0
LN4: 4 0 7 9

ROOT: 2 8 9 7
LN0: 8 4 1 9
LN1: 2 3 0 8
LN2: 6 2 9 7
LN3: 0 1 8 6
LN4: 4 0 7 5

ROOT: 2 8 9 9
LN0: 8 4 1 1
LN1: 2 3 0 0
LN2: 6 2 9 9
LN3: 0 1 8 8
LN4: 4 0 7 7

ROOT: 2 9 3 2
LN0: 8 5 5 4
LN1: 2 4 4 3
LN2: 6 3 3 2
LN3: 0 2 2 1
LN4: 4 1 1 0

ROOT: 2 9 5 2
LN0: 8 5 7 4
LN1: 2 4 6 3
LN2: 6 3 5 2
LN3: 0 2 4 1
LN4: 4 1 3 0

ROOT: 2 9 7 2
LN0: 8 5 9 4
LN1: 2 4 8 3
LN2: 6 3 7 2
LN3: 0 2 6 1
LN4: 4 1 5 0

ROOT: 2 9 8 1
LN0: 8 5 0 3
LN1: 2 4 9 2
LN2: 6 3 8 1
LN3: 0 2 7 0
LN4: 4 1 6 9

ROOT: 2 9 8 7
LN0: 8 5 0 9
LN1: 2 4 9 8
LN2: 6 3 8 7
LN3: 0 2 7 6
LN4: 4 1 6 5

ROOT: 2 9 8 9
LN0: 8 5 0 1
LN1: 2 4 9 0
LN2: 6 3 8 9
LN3: 0 2 7 8
LN4: 4 1 6 7

ROOT: 3 0 1 2
LN0: 9 6 3 4
LN1: 3 5 2 3
LN2: 7 4 1 2
LN3: 1 3 0 1
LN4: 5 2 9 0

ROOT: 3 0 3 2
LN0: 9 6 5 4
LN1: 3 5 4 3
LN2: 7 4 3 2
LN3: 1 3 2 1
LN4: 5 2 1 0

ROOT: 3 0 5 2
LN0: 9 6 7 4
LN1: 3 5 6 3
LN2: 7 4 5 2
LN3: 1 3 4 1
LN4: 5 2 3 0

ROOT: 3 0 8 3
LN0: 9 6 0 5
LN1: 3 5 9 4
LN2: 7 4 8 3
LN3: 1 3 7 2
LN4: 5 2 6 1

ROOT: 3 0 8 5
LN0: 9 6 0 7
LN1: 3 5 9 6
LN2: 7 4 8 5
LN3: 1 3 7 4
LN4: 5 2 6 3

ROOT: 3 0 8 7
LN0: 9 6 0 9
LN1: 3 5 9 8
LN2: 7 4 8 7
LN3: 1 3 7 6
LN4: 5 2 6 5

ROOT: 3 0 8 9
LN0: 9 6 0 1
LN1: 3 5 9 0
LN2: 7 4 8 9
LN3: 1 3 7 8
LN4: 5 2 6 7

ROOT: 3 0 9 2
LN0: 9 6 1 4
LN1: 3 5 0 3
LN2: 7 4 9 2
LN3: 1 3 8 1
LN4: 5 2 7 0

ROOT: 3 1 0 2
LN0: 9 7 2 4
LN1: 3 6 1 3
LN2: 7 5 0 2
LN3: 1 4 9 1
LN4: 5 3 8 0

ROOT: 3 1 4 2
LN0: 9 7 6 4
LN1: 3 6 5 3
LN2: 7 5 4 2
LN3: 1 4 3 1
LN4: 5 3 2 0

