NL 26
ROOT: 1 0 0 9
LN0: 6 0 9 9
LN1: 3 0 2 1
LN2: 0 0 5 3
LN3: 7 0 8 5
LN4: 4 0 1 7

ROOT: 1 1 0 8
LN0: 6 1 9 8
LN1: 3 1 2 0
LN2: 0 1 5 2
LN3: 7 1 8 4
LN4: 4 1 1 6

ROOT: 1 4 0 9
LN0: 6 4 9 9
LN1: 3 4 2 1
LN2: 0 4 5 3
LN3: 7 4 8 5
LN4: 4 4 1 7

ROOT: 1 7 0 8
LN0: 6 7 9 8
LN1: 3 7 2 0
LN2: 0 7 5 2
LN3: 7 7 8 4
LN4: 4 7 1 6

ROOT: 2 1 1 8
LN0: 7 1 0 8
LN1: 4 1 3 0
LN2: 1 1 6 2
LN3: 8 1 9 4
LN4: 5 1 2 6

ROOT: 2 2 1 9
LN0: 7 2 0 9
LN1: 4 2 3 1
LN2: 1 2 6 3
LN3: 8 2 9 5
LN4: 5 2 2 7

ROOT: 2 5 1 8
LN0: 7 5 0 8
LN1: 4 5 3 0
LN2: 1 5 6 2
LN3: 8 5 9 4
LN4: 5 5 2 6

ROOT: 2 8 1 9
LN0: 7 8 0 9
LN1: 4 8 3 1
LN2: 1 8 6 3
LN3: 8 8 9 5
LN4: 5 8 2 7

ROOT: 3 0 0 9
LN0: 8 0 9 9
LN1: 5 0 2 1
LN2: 2 0 5 3
LN3: 9 0 8 5
LN4: 6 0 1 7

ROOT: 3 2 2 9
LN0: 8 2 1 9
LN1: 5 2 4 1
LN2: 2 2 7 3
LN3: 9 2 0 5
LN4: 6 2 3 7

ROOT: 3 6 2 9
LN0: 8 6 1 9
LN1: 5 6 4 1
LN2: 2 6 7 3
LN3: 9 6 0 5
LN4: 6 6 3 7

ROOT: 4 1 7 8
LN0: 9 1 6 8
LN1: 6 1 9 0
LN2: 3 1 2 2
LN3: 0 1 5 4
LN4: 7 1 8 6

ROOT: 4 3 9 8
LN0: 9 3 8 8
LN1: 6 3 1 0
LN2: 3 3 4 2
LN3: 0 3 7 4
LN4: 7 3 0 6

ROOT: 4 7 7 8
LN0: 9 7 6 8
LN1: 6 7 9 0
LN2: 3 7 2 2
LN3: 0 7 5 4
LN4: 7 7 8 6

ROOT: 5 1 8 8
LN0: 0 1 7 8
LN1: 7 1 0 0
LN2: 4 1 3 2
LN3: 1 1 6 4
LN4: 8 1 9 6

ROOT: 5 2 8 9
LN0: 0 2 7 9
LN1: 7 2 0 1
LN2: 4 2 3 3
LN3: 1 2 6 5
LN4: 8 2 9 7

ROOT: 5 5 8 8
LN0: 0 5 7 8
LN1: 7 5 0 0
LN2: 4 5 3 2
LN3: 1 5 6 4
LN4: 8 5 9 6

ROOT: 5 8 8 9
LN0: 0 8 7 9
LN1: 7 8 0 1
LN2: 4 8 3 3
LN3: 1 8 6 5
LN4: 8 8 9 7

ROOT: 6 2 9 9
LN0: 1 2 8 9
LN1: 8 2 1 1
LN2: 5 2 4 3
LN3: 2 2 7 5
LN4: 9 2 0 7

ROOT: 6 3 9 8
LN0: 1 3 8 8
LN1: 8 3 1 0
LN2: 5 3 4 2
LN3: 2 3 7 4
LN4: 9 3 0 6

ROOT: 6 6 9 9
LN0: 1 6 8 9
LN1: 8 6 1 1
LN2: 5 6 4 3
LN3: 2 6 7 5
LN4: 9 6 0 7

ROOT: 6 9 9 8
LN0: 1 9 8 8
LN1: 8 9 1 0
LN2: 5 9 4 2
LN3: 2 9 7 4
LN4: 9 9 0 6

ROOT: 8 4 3 1
LN0: 3 4 2 1
LN1: 0 4 5 3
LN2: 7 4 8 5
LN3: 4 4 1 7
LN4: 1 4 4 9

ROOT: 8 7 3 0
LN0: 3 7 2 0
LN1: 0 7 5 2
LN2: 7 7 8 4
LN3: 4 7 1 6
LN4: 1 7 4 8

ROOT: 9 6 6 7
LN0: 4 6 5 7
LN1: 1 6 8 9
LN2: 8 6 1 1
LN3: 5 6 4 3
LN4: 2 6 7 5

ROOT: 9 9 6 6
LN0: 4 9 5 6
LN1: 1 9 8 8
LN2: 8 9 1 0
LN3: 5 9 4 2
LN4: 2 9 7 4

