NS 100
ROOT 0037
UHF -7,9,-7,-7
LHF 0,-4,-1,-1
PHF -9,4,2,-8
ROOT 0048
UHF -7,9,-7,-7
LHF 0,-4,-1,-1
PHF -9,4,2,-8
ROOT 0073
UHF -7,9,-7,-7
LHF 0,-4,-1,-1
PHF -9,4,2,-8
ROOT 0084
UHF -7,9,-7,-7
LHF 0,-4,-1,-1
PHF -9,4,2,-8
ROOT 0136
UHF -7,9,-7,-7
LHF 0,-4,-1,-1
PHF -9,4,2,-8
ROOT 0138
UHF -7,9,-7,-7
LHF 0,-4,-1,-1
PHF -9,4,2,-8
ROOT 0145
UHF -7,9,-7,-7
LHF 0,-4,-1,-1
PHF -9,4,2,-8
ROOT 0154
UHF -7,9,-7,-7
LHF 0,-4,-1,-1
PHF -9,4,2,-8
ROOT 0163
UHF -7,9,-7,-7
LHF 0,-4,-1,-1
PHF -9,4,2,-8
ROOT 0183
UHF -7,9,-7,-7
LHF 0,-4,-1,-1
PHF -9,4,2,-8
ROOT 0215
UHF -7,9,-7,-7
LHF 0,-4,-1,-1
PHF -9,4,2,-8
ROOT 0217
UHF -7,9,-7,-7
LHF 0,-4,-1,-1
PHF -9,4,2,-8
ROOT 0226
UHF -7,9,-7,-7
LHF 0,-4,-1,-1
PHF -9,4,2,-8
ROOT 0251
UHF -7,9,-7,-7
LHF 0,-4,-1,-1
PHF -9,4,2,-8
ROOT 0259
UHF -7,9,-7,-7
LHF 0,-4,-1,-1
PHF -9,4,2,-8
ROOT 0262
UHF -7,9,-7,-7
LHF 0,-4,-1,-1
PHF -9,4,2,-8
ROOT 0271
UHF -7,9,-7,-7
LHF 0,-4,-1,-1
PHF -9,4,2,-8
ROOT 0279
UHF -7,9,-7,-7
LHF 0,-4,-1,-1
PHF -9,4,2,-8
ROOT 0295
UHF -7,9,-7,-7
LHF 0,-4,-1,-1
PHF -9,4,2,-8
ROOT 0297
UHF -7,9,-7,-7
LHF 0,-4,-1,-1
PHF -9,4,2,-8
ROOT 0338
UHF -7,9,-7,-7
LHF 0,-4,-1,-1
PHF -9,4,2,-8
ROOT 0358
UHF -7,9,-7,-7
LHF 0,-4,-1,-1
PHF -9,4,2,-8
ROOT 0367
UHF -7,9,-7,-7
LHF 0,-4,-1,-1
PHF -9,4,2,-8
ROOT 0376
UHF -7,9,-7,-7
LHF 0,-4,-1,-1
PHF -9,4,2,-8
ROOT 0378
UHF -7,9,-7,-7
LHF 0,-4,-1,-1
PHF -9,4,2,-8
ROOT 0383
UHF -7,9,-7,-7
LHF 0,-4,-1,-1
PHF -9,4,2,-8
ROOT 0385
UHF -7,9,-7,-7
LHF 0,-4,-1,-1
PHF -9,4,2,-8
ROOT 0387
UHF -7,9,-7,-7
LHF 0,-4,-1,-1
PHF -9,4,2,-8
ROOT 0538
UHF -7,9,-7,-7
LHF 0,-4,-1,-1
PHF -9,4,2,-8
ROOT 0547
UHF -7,9,-7,-7
LHF 0,-4,-1,-1
PHF -9,4,2,-8
ROOT 0574
UHF -7,9,-7,-7
LHF 0,-4,-1,-1
PHF -9,4,2,-8
ROOT 0583
UHF -7,9,-7,-7
LHF 0,-4,-1,-1
PHF -9,4,2,-8
ROOT 0648
UHF -7,9,-7,-7
LHF 0,-4,-1,-1
PHF -9,4,2,-8
ROOT 0684
UHF -7,9,-7,-7
LHF 0,-4,-1,-1
PHF -9,4,2,-8
ROOT 0747
UHF -7,9,-7,-7
LHF 0,-4,-1,-1
PHF -9,4,2,-8
ROOT 0774
UHF -7,9,-7,-7
LHF 0,-4,-1,-1
PHF -9,4,2,-8
ROOT 0837
UHF -7,9,-7,-7
LHF 0,-4,-1,-1
PHF -9,4,2,-8
ROOT 0873
UHF -7,9,-7,-7
LHF 0,-4,-1,-1
PHF -9,4,2,-8
ROOT 1205
UHF -7,9,-7,-7
LHF 0,-4,-1,-1
PHF -9,4,2,-8
ROOT 1207
UHF -7,9,-7,-7
LHF 0,-4,-1,-1
PHF -9,4,2,-8
ROOT 1250
UHF -7,9,-7,-7
LHF 0,-4,-1,-1
PHF -9,4,2,-8
ROOT 1269
UHF -7,9,-7,-7
LHF 0,-4,-1,-1
PHF -9,4,2,-8
ROOT 1270
UHF -7,9,-7,-7
LHF 0,-4,-1,-1
PHF -9,4,2,-8
ROOT 1296
UHF -7,9,-7,-7
LHF 0,-4,-1,-1
PHF -9,4,2,-8
ROOT 1357
UHF -7,9,-7,-7
LHF 0,-4,-1,-1
PHF -9,4,2,-8
ROOT 1368
UHF -7,9,-7,-7
LHF 0,-4,-1,-1
PHF -9,4,2,-8
ROOT 1375
UHF -7,9,-7,-7
LHF 0,-4,-1,-1
PHF -9,4,2,-8
ROOT 1386
UHF -7,9,-7,-7
LHF 0,-4,-1,-1
PHF -9,4,2,-8
ROOT 1438
UHF -7,9,-7,-7
LHF 0,-4,-1,-1
PHF -9,4,2,-8
ROOT 1447
UHF -7,9,-7,-7
LHF 0,-4,-1,-1
PHF -9,4,2,-8
ROOT 1474
UHF -7,9,-7,-7
LHF 0,-4,-1,-1
PHF -9,4,2,-8
ROOT 1483
UHF -7,9,-7,-7
LHF 0,-4,-1,-1
PHF -9,4,2,-8
ROOT 2206
UHF -7,9,-7,-7
LHF 0,-4,-1,-1
PHF -9,4,2,-8
ROOT 2259
UHF -7,9,-7,-7
LHF 0,-4,-1,-1
PHF -9,4,2,-8
ROOT 2260
UHF -7,9,-7,-7
LHF 0,-4,-1,-1
PHF -9,4,2,-8
ROOT 2279
UHF -7,9,-7,-7
LHF 0,-4,-1,-1
PHF -9,4,2,-8
ROOT 2295
UHF -7,9,-7,-7
LHF 0,-4,-1,-1
PHF -9,4,2,-8
ROOT 2297
UHF -7,9,-7,-7
LHF 0,-4,-1,-1
PHF -9,4,2,-8
ROOT 2358
UHF -7,9,-7,-7
LHF 0,-4,-1,-1
PHF -9,4,2,-8
ROOT 2367
UHF -7,9,-7,-7
LHF 0,-4,-1,-1
PHF -9,4,2,-8
ROOT 2376
UHF -7,9,-7,-7
LHF 0,-4,-1,-1
PHF -9,4,2,-8
ROOT 2378
UHF -7,9,-7,-7
LHF 0,-4,-1,-1
PHF -9,4,2,-8
ROOT 2385
UHF -7,9,-7,-7
LHF 0,-4,-1,-1
PHF -9,4,2,-8
ROOT 2387
UHF -7,9,-7,-7
LHF 0,-4,-1,-1
PHF -9,4,2,-8
ROOT 2437
UHF -7,9,-7,-7
LHF 0,-4,-1,-1
PHF -9,4,2,-8
ROOT 2448
UHF -7,9,-7,-7
LHF 0,-4,-1,-1
PHF -9,4,2,-8
ROOT 2473
UHF -7,9,-7,-7
LHF 0,-4,-1,-1
PHF -9,4,2,-8
ROOT 2484
UHF -7,9,-7,-7
LHF 0,-4,-1,-1
PHF -9,4,2,-8
ROOT 3007
UHF -7,9,-7,-7
LHF 0,-4,-1,-1
PHF -9,4,2,-8
ROOT 3070
UHF -7,9,-7,-7
LHF 0,-4,-1,-1
PHF -9,4,2,-8
ROOT 3089
UHF -7,9,-7,-7
LHF 0,-4,-1,-1
PHF -9,4,2,-8
ROOT 3098
UHF -7,9,-7,-7
LHF 0,-4,-1,-1
PHF -9,4,2,-8
ROOT 3106
UHF -7,9,-7,-7
LHF 0,-4,-1,-1
PHF -9,4,2,-8
ROOT 3108
UHF -7,9,-7,-7
LHF 0,-4,-1,-1
PHF -9,4,2,-8
ROOT 3159
UHF -7,9,-7,-7
LHF 0,-4,-1,-1
PHF -9,4,2,-8
ROOT 3160
UHF -7,9,-7,-7
LHF 0,-4,-1,-1
PHF -9,4,2,-8
ROOT 3180
UHF -7,9,-7,-7
LHF 0,-4,-1,-1
PHF -9,4,2,-8
ROOT 3195
UHF -7,9,-7,-7
LHF 0,-4,-1,-1
PHF -9,4,2,-8
ROOT 3308
UHF -7,9,-7,-7
LHF 0,-4,-1,-1
PHF -9,4,2,-8
ROOT 3380
UHF -7,9,-7,-7
LHF 0,-4,-1,-1
PHF -9,4,2,-8
ROOT 3418
UHF -7,9,-7,-7
LHF 0,-4,-1,-1
PHF -9,4,2,-8
ROOT 3427
UHF -7,9,-7,-7
LHF 0,-4,-1,-1
PHF -9,4,2,-8
ROOT 3472
UHF -7,9,-7,-7
LHF 0,-4,-1,-1
PHF -9,4,2,-8
ROOT 3481
UHF -7,9,-7,-7
LHF 0,-4,-1,-1
PHF -9,4,2,-8
ROOT 3489
UHF -7,9,-7,-7
LHF 0,-4,-1,-1
PHF -9,4,2,-8
ROOT 3498
UHF -7,9,-7,-7
LHF 0,-4,-1,-1
PHF -9,4,2,-8
ROOT 3508
UHF -7,9,-7,-7
LHF 0,-4,-1,-1
PHF -9,4,2,-8
ROOT 3579
UHF -7,9,-7,-7
LHF 0,-4,-1,-1
PHF -9,4,2,-8
ROOT 3580
UHF -7,9,-7,-7
LHF 0,-4,-1,-1
PHF -9,4,2,-8
ROOT 3597
UHF -7,9,-7,-7
LHF 0,-4,-1,-1
PHF -9,4,2,-8
ROOT 3689
UHF -7,9,-7,-7
LHF 0,-4,-1,-1
PHF -9,4,2,-8
ROOT 3698
UHF -7,9,-7,-7
LHF 0,-4,-1,-1
PHF -9,4,2,-8
ROOT 3807
UHF -7,9,-7,-7
LHF 0,-4,-1,-1
PHF -9,4,2,-8
ROOT 3870
UHF -7,9,-7,-7
LHF 0,-4,-1,-1
PHF -9,4,2,-8
ROOT 3979
UHF -7,9,-7,-7
LHF 0,-4,-1,-1
PHF -9,4,2,-8
ROOT 3997
UHF -7,9,-7,-7
LHF 0,-4,-1,-1
PHF -9,4,2,-8
ROOT 4008
UHF -7,9,-7,-7
LHF 0,-4,-1,-1
PHF -9,4,2,-8
ROOT 4079
UHF -7,9,-7,-7
LHF 0,-4,-1,-1
PHF -9,4,2,-8
ROOT 4080
UHF -7,9,-7,-7
LHF 0,-4,-1,-1
PHF -9,4,2,-8
ROOT 4097
UHF -7,9,-7,-7
LHF 0,-4,-1,-1
PHF -9,4,2,-8
